-22.372098,-18.742344,4.615776,0.000000,1.000000
-39.486252,-18.192099,0.323981,-0.000000,-1.000000
-10.958062,-9.977868,4.079998,-0.000000,1.000000
11.709028,-88.745481,1.558694,0.000000,1.000000
-107.149879,2.533535,0.577467,-0.000000,-1.000000
-32.969591,-20.370742,0.302773,-0.000000,-1.000000
-59.210149,-13.999781,0.270707,-0.000000,-1.000000
-133.786409,12.538900,4.685573,0.000000,-1.000000
-67.912724,-16.700611,8.851707,0.000000,1.000000
-16.298189,-79.737356,16.841003,0.000000,-1.000000
-21.965202,-18.739138,4.336935,0.000000,1.000000
-21.360007,-18.743486,6.760980,0.000000,1.000000
-16.445867,-18.743624,3.195533,-0.000000,1.000000
-40.008134,-19.200323,0.612569,-0.000000,1.000000
-25.287702,-18.743542,4.147521,0.000000,1.000000
-14.358625,-57.237907,2.349335,-0.000000,-1.000000
-13.966156,0.793763,1.044731,-0.003663,-1.000000
-40.008131,-20.851384,2.394821,-0.000000,1.000000
-33.022791,-22.541487,2.347930,-0.000000,-1.000000
-1.855288,-12.715258,1.208322,0.334987,0.000000
-19.175457,-18.743118,4.515089,0.000000,1.000000
-50.330660,2.691494,0.027928,-0.000000,-1.000000
-39.199735,-21.882388,8.401598,0.000000,1.000000
-14.013285,-30.721088,8.489355,0.000000,1.000000
-38.150346,-14.914161,0.322434,-0.000000,-1.000000
-21.499539,-18.743727,3.879002,-0.000000,1.000000
-67.912729,-16.286916,9.873472,0.000000,1.000000
-13.741909,-26.407671,7.095905,0.000000,1.000000
-67.912728,-17.178404,8.405829,0.000000,1.000000
-48.116451,-17.402241,2.901136,-0.000000,1.000000
-10.974675,1.691932,6.638143,0.000000,1.000000
-59.592093,-11.082617,0.228702,-0.000000,-1.000000
-9.371891,-8.168094,0.168981,-0.000000,-1.000000
-40.008132,-18.332784,1.648916,-0.000000,1.000000
-20.629811,-18.743260,2.738107,-0.000000,1.000000
-6.051059,-85.158137,-0.000000,-0.000000,1.000000
-16.656708,-18.743614,8.713077,0.000000,1.000000
-20.857539,-18.638162,3.982170,-0.000000,1.000000
-13.669672,-7.898267,0.179163,-0.000000,-1.000000
-10.972125,-0.877363,6.556536,0.000000,-1.000000
-22.054224,-18.741012,5.359714,0.000000,1.000000
-15.108089,-21.877477,6.548978,0.000000,1.000000
-16.566503,-18.743618,4.949411,0.000000,1.000000
-40.008126,-18.484650,4.105683,0.000000,1.000000
-50.237976,-7.182463,1.144049,-0.000000,-1.000000
-40.008139,-20.193478,1.082931,-0.000000,1.000000
-21.189588,-18.743524,6.482619,0.000000,1.000000
-27.333459,0.192694,1.562627,-0.705999,-1.000000
-25.247469,-2.413496,0.631833,-0.002651,0.000000
-40.008111,-19.480847,1.238266,-0.000000,1.000000
-12.210368,-2.636863,1.482404,2.485794,0.000000
-36.246942,-24.906179,7.512095,0.000000,1.000000
5.964059,-24.940033,3.766251,0.000000,-1.000000
-15.386229,-25.226077,11.187617,0.000000,1.000000
-13.194853,-2.469951,1.293992,2.533376,0.000000
-14.218943,-13.469481,0.271798,-0.000000,-1.000000
-15.108097,-20.682093,3.451295,-0.000000,1.000000
-75.773339,5.400857,0.179163,0.000000,-1.000000
-67.286452,8.682639,0.179713,0.000000,-1.000000
-43.440556,-23.893164,15.248678,0.000000,-1.000000
-18.333073,-77.623083,9.816182,0.000000,1.000000
-38.540183,-21.855488,6.539170,0.000000,1.000000
-16.582715,-14.171463,0.298370,-0.000000,-1.000000
-15.671364,-17.411413,0.375349,-0.000000,-1.000000
-47.529609,-17.443584,7.859936,0.000000,1.000000
-14.977337,-24.561825,8.457459,0.000000,1.000000
-36.246966,-25.341691,5.488343,0.000000,1.000000
-18.567746,-80.295652,19.880613,0.000000,-1.000000
-14.028894,-6.572091,0.179164,-0.000000,-1.000000
-24.304120,-18.743508,9.846074,0.000000,1.000000
-15.076044,-34.181276,2.144569,-0.000000,1.000000
-21.683748,-18.744106,2.873882,-0.000000,1.000000
-17.113497,-35.397469,14.039326,0.000000,1.000000
-16.280361,-18.743615,4.329491,0.000000,1.000000
5.801520,-27.080681,4.531052,0.000000,-1.000000
-34.387453,-9.502341,0.230024,-0.000000,-1.000000
-22.506801,-18.742828,3.927726,-0.000000,1.000000
-57.917602,-13.460564,0.262750,-0.000000,-1.000000
-15.108096,-31.761876,5.634223,0.000000,1.000000
-15.163090,-18.556466,3.595942,-0.000000,1.000000
-20.296123,-18.739746,9.034207,0.000000,1.000000
-16.354749,-18.743610,9.541011,0.000000,1.000000
-61.982801,4.413442,0.179164,-0.000000,-1.000000
-43.067303,-29.231301,14.958506,0.000000,-1.000000
-15.108100,-20.093859,6.087299,0.000000,1.000000
-30.611634,-96.816875,0.481981,-0.000000,-1.000000
-14.810976,-16.663377,0.290595,-0.000000,-1.000000
-26.988998,-18.499201,9.445972,0.000000,1.000000
-37.984276,-21.882370,3.565653,-0.000000,1.000000
-24.685497,-18.743524,5.312709,0.000000,1.000000
-7.929574,-24.488655,0.006868,-0.000000,-1.000000
-16.544613,-18.743609,4.515387,0.000000,1.000000
-25.719805,-18.743502,4.631098,0.000000,1.000000
-6.869349,-16.783962,0.000000,-0.000000,-1.000000
-40.008124,-20.994755,3.657747,-0.000000,1.000000
-63.508166,-46.634153,25.882968,0.000000,-1.000000
-53.773610,-4.143691,0.029696,-0.000000,-1.000000
-15.108090,-21.339122,5.750923,0.000000,1.000000
-39.182618,-21.882378,6.481804,0.000000,1.000000
-15.798049,-18.743601,7.693392,0.000000,1.000000
-8.413493,-13.959912,0.152400,-0.000000,-1.000000
-40.008128,-20.259749,4.245331,0.000000,1.000000
-27.272144,-7.474912,0.075541,-0.000000,-1.000000
-14.939899,-24.741458,4.736971,0.000000,1.000000
-24.506960,-18.743481,8.626524,0.000000,1.000000
-22.830785,-18.713137,9.119321,0.000000,1.000000
-19.315633,-18.743122,3.889843,-0.000000,1.000000
-10.941856,-9.973391,1.273769,-0.000000,1.000000
-15.108089,-28.450280,1.566275,-0.000000,1.000000
-20.979512,-18.638345,2.671699,-0.000000,1.000000
-40.008136,-21.624877,2.020227,-0.000000,1.000000
-15.042413,-43.017526,10.321410,0.000000,1.000000
-0.288188,-12.664513,6.090391,0.000000,1.000000
-39.853850,-17.256408,4.723968,0.000000,1.000000
-15.350048,-35.448515,11.096447,0.000000,1.000000
-67.384665,-19.693922,0.213483,-0.000000,1.000000
-5.241051,-33.856271,0.356185,-1.378099,0.000000
-24.609021,-18.743469,3.137624,-0.000000,1.000000
-15.108098,-20.263690,4.428423,0.000000,1.000000
-15.108088,-42.188527,6.433307,0.000000,1.000000
7.809490,-65.153256,7.585856,0.000000,-1.000000
-22.469388,-18.742894,3.223835,-0.000000,1.000000
-37.331653,1.307735,0.262164,-1.537866,-1.000000
-15.422020,-8.388187,0.206565,-0.000000,-1.000000
-68.963254,-11.142227,8.199935,0.000000,1.000000
-88.825652,0.923489,0.026765,-0.000000,-1.000000
-20.712827,-18.739661,9.248094,0.000000,1.000000
-15.108082,-28.380865,7.047831,0.000000,1.000000
-67.912724,-18.048586,6.510332,0.000000,1.000000
2.184015,-77.929101,0.010064,0.000000,-1.000000
-10.979012,-9.983691,5.799390,0.000000,1.000000
-16.402219,-18.743603,3.972297,-0.000000,1.000000
-11.212931,-18.965138,0.182776,-0.000000,-1.000000
-40.008140,-20.626465,4.995918,0.000000,1.000000
-40.008131,-21.318562,5.394213,0.000000,1.000000
-40.008128,-18.190045,2.111674,-0.000000,1.000000
-15.703903,-18.743609,7.919950,0.000000,1.000000
-10.256791,-6.538584,0.157093,-0.000000,-1.000000
14.718803,-111.818117,2.052895,0.000000,-1.000000
-23.129144,-18.742875,1.094988,-0.000000,-1.000000
-41.518586,-17.443551,4.352977,0.000000,1.000000
-1.997213,-34.001597,1.504850,3.158411,0.000000
7.959251,-65.793363,4.536979,0.000000,-1.000000
-38.394707,-21.832699,1.260702,-0.000000,1.000000
-51.881061,-5.496838,0.151010,-0.000000,-1.000000
-67.912717,-17.315955,0.937401,-0.000000,-1.000000
-46.275681,-17.439605,12.847217,0.000000,1.000000
-40.665364,-17.185788,12.242630,0.000000,1.000000
-5.937510,-18.177710,-0.000001,-0.000000,-1.000000
-37.565853,-22.007171,10.118260,0.000000,1.000000
-52.078944,7.896678,0.179585,0.000000,-1.000000
-12.325842,-11.178990,0.214184,-0.000000,-1.000000
-24.732211,-18.743505,4.043740,-0.000000,1.000000
-30.088300,-15.099543,0.278552,-0.000000,-1.000000
-64.734030,-44.862059,25.320824,0.000000,-1.000000
-21.013156,-18.638382,3.792047,-0.000000,1.000000
-15.108094,-41.395881,7.111588,0.000000,1.000000
-25.741618,-18.743515,4.135583,0.000000,1.000000
-24.024872,-18.743530,4.848248,0.000000,1.000000
-26.543528,-18.561765,9.206145,0.000000,1.000000
-23.216595,-18.649824,1.890101,-0.000000,-1.000000
-3.885115,-12.783032,6.622727,0.000000,-1.000000
-26.873720,-18.561755,1.648476,-0.000000,1.000000
-40.008121,-20.155183,6.254934,0.000000,1.000000
-42.754168,-17.443570,3.580814,-0.000000,1.000000
-38.477880,-7.510088,0.181852,-0.000000,1.000000
-34.733230,4.795813,0.179163,0.000000,-1.000000
-69.263032,-12.379110,3.862027,-0.000000,1.000000
-11.006788,-9.991408,3.666306,-0.000000,1.000000
-14.939906,-18.729375,4.047335,-0.000000,1.000000
-19.341610,-18.743120,6.261791,0.000000,1.000000
-40.008140,-19.233238,0.539658,-0.000000,1.000000
-8.577894,-9.752361,0.153885,-0.000000,-1.000000
-41.116380,-17.443555,9.325142,0.000000,1.000000
-18.879191,-18.743098,5.163833,0.000000,1.000000
-19.881927,-18.743170,4.160839,0.000000,1.000000
-24.971931,-18.743479,4.752327,0.000000,1.000000
-39.467074,-18.095292,9.642670,0.000000,1.000000
-20.644114,-18.743216,1.344777,-0.000000,1.000000
-21.959288,-18.738117,4.029805,-0.000000,1.000000
-42.203542,-17.443553,7.635917,0.000000,1.000000
-67.912722,-17.705016,4.019585,-0.000000,1.000000
-24.509306,-13.062161,0.145970,-0.000000,-1.000000
-10.782208,-10.107449,3.619473,-0.000000,1.000000
-8.032509,-39.930623,0.152400,-0.000000,-1.000000
-40.159508,-17.256406,1.113827,-0.000000,1.000000
-36.989362,-22.922898,9.719438,0.000000,1.000000
-22.243311,-18.742429,2.797739,-0.000000,1.000000
-15.108082,-21.995358,1.710079,-0.000000,1.000000
-33.127336,-21.853826,3.790811,-0.000000,1.000000
-15.108102,-20.159474,4.009551,-0.000000,1.000000
-67.837053,-19.421440,6.438108,0.000000,1.000000
2.382226,-12.638846,4.768097,0.000000,1.000000
-36.772200,-21.823649,2.207392,-0.000000,1.000000
-25.749746,0.874269,0.026764,-0.000000,-1.000000
-45.083751,-17.439578,10.848250,0.000000,1.000000
-21.932882,-18.730542,4.359423,0.000000,1.000000
-50.721362,-17.325786,12.173390,0.000000,1.000000
-34.010096,-19.237003,0.309358,-0.000000,-1.000000
-38.766459,-20.053681,8.713362,0.000000,1.000000
-16.125699,-1.774628,0.026765,-0.000000,-1.000000
-15.108114,-20.775238,4.009140,-0.000000,1.000000
-40.966060,1.434059,0.116690,-1.539963,-1.000000
-14.973534,-18.556462,3.297885,-0.000000,1.000000
-10.198859,-6.584152,0.175835,-0.000000,-1.000000
-37.190581,-21.882374,6.396693,0.000000,1.000000
-13.204805,-2.690261,1.586627,2.528150,0.000000
-13.806285,0.137865,0.900509,-0.003825,-1.000000
-107.743291,5.859443,0.840276,0.000000,-1.000000
-40.008148,-21.123938,4.708856,0.000000,1.000000
-14.900548,-21.580541,0.231309,-0.000000,1.000000
-36.465463,2.707653,0.026763,-0.000000,-1.000000
-15.108086,-21.949598,3.294861,-0.000000,1.000000
-33.022758,-22.195903,0.553386,-0.000000,-1.000000
-15.108089,-23.766725,4.685364,0.000000,1.000000
-13.218641,-2.224347,0.488026,2.520574,0.000000
-67.912715,-20.583948,3.442091,-0.000000,1.000000
-15.266634,-40.204251,10.886289,0.000000,1.000000
-98.072532,-0.581201,0.011415,-0.000000,-1.000000
-25.178167,-3.523257,0.380317,-0.002817,0.000000
-15.025025,-26.537586,2.838061,-0.000000,1.000000
-106.143733,-4.973155,2.092338,-0.000000,-1.000000
-106.024787,-5.509974,0.197565,-0.000000,-1.000000
-1.233296,-20.599199,-0.000001,-0.000000,-1.000000
-37.726505,1.295921,0.163601,-1.537742,-1.000000
-15.283258,-0.589197,1.269311,-0.003093,-1.000000
-26.086284,-18.743491,8.972707,0.000000,1.000000
-44.246441,4.039663,0.179164,-0.000000,-1.000000
3.191188,-55.436206,0.166156,0.000000,-1.000000
-10.927931,-5.021044,6.497813,0.000000,-1.000000
-43.330253,-17.339201,6.660274,0.000000,1.000000
-18.581333,-18.638177,4.451434,0.000000,1.000000
-16.832820,-18.587352,10.880230,0.000000,1.000000
-15.421748,0.696655,1.614036,-0.002756,-1.000000
-14.970691,-29.530265,3.279690,-0.000000,1.000000
-21.794242,-18.744926,3.922331,-0.000000,1.000000
-15.108094,-21.721712,4.722518,0.000000,1.000000
-84.146712,0.599840,0.026764,-0.000000,-1.000000
10.113449,-63.817297,8.323011,0.000000,-1.000000
-19.664701,-18.743121,4.024840,-0.000000,1.000000
-8.471204,-74.532196,0.152400,-0.000000,-1.000000
-67.880641,-16.505148,1.225436,-0.000000,1.000000
6.183483,-25.761252,5.422741,0.000000,-1.000000
-15.108094,-38.387968,8.468308,0.000000,1.000000
-27.701934,-6.940542,0.043994,-0.000000,-1.000000
-27.103613,3.449568,0.179163,-0.000000,-1.000000
-36.246976,-24.749185,5.279223,0.000000,1.000000
-15.300109,-18.556451,7.144728,0.000000,1.000000
-14.939909,-24.611231,2.710859,-0.000000,1.000000
-14.760369,-31.321204,9.777957,0.000000,1.000000
-22.816197,-18.637894,3.660079,-0.000000,1.000000
-39.839932,-17.424856,8.127625,0.000000,1.000000
-50.784640,-17.443571,5.807061,0.000000,1.000000
-15.108097,-40.166706,6.412606,0.000000,1.000000
-33.032431,6.281838,0.178742,0.000000,-1.000000
-6.408816,-14.138704,0.000001,-0.000000,-1.000000
-36.202098,-24.854087,6.726431,0.000000,1.000000
-15.108087,-19.313737,2.121981,-0.000000,1.000000
-12.301921,-64.599852,-0.000000,-0.000000,-1.000000
-14.970678,-26.952628,1.302913,-0.000000,1.000000
-16.383912,-15.703617,0.298369,-0.000000,-1.000000
-10.829771,-10.020693,4.138120,0.000000,1.000000
-67.912716,-19.737828,8.934153,0.000000,1.000000
-41.979927,-22.104941,14.113187,0.000000,1.000000
-20.978840,-18.638263,2.874973,-0.000000,1.000000
-21.928704,-18.677952,1.737461,-0.000000,1.000000
-12.744741,-6.058972,7.142052,0.000000,1.000000
-20.513051,-18.743771,7.853584,0.000000,1.000000
-22.552257,-18.711733,2.620321,-0.000000,1.000000
-14.014436,-36.714646,8.488379,0.000000,1.000000
-1.342261,-33.998748,1.100605,3.159315,0.000000
-17.415003,-18.743622,5.383439,0.000000,1.000000
-15.602985,-30.537936,11.733649,0.000000,1.000000
-9.575200,-11.648339,0.152400,-0.000000,-1.000000
-15.108103,-26.051632,4.020527,-0.000000,1.000000
-36.246971,-24.920111,5.087742,0.000000,1.000000
-1.240814,-55.770752,-0.000000,-0.000000,-1.000000
-36.246944,-23.067982,7.536550,0.000000,1.000000
-60.165745,-12.542227,0.249826,-0.000000,-1.000000
19.206090,-146.513174,2.789755,0.000000,-1.000000
-33.022793,-22.658793,1.253678,-0.000000,-1.000000
-40.008138,-18.687761,6.175678,0.000000,1.000000
-16.488567,-18.743600,11.400739,0.000000,1.000000
-107.755840,13.074438,1.494801,0.000000,-1.000000
-21.812724,-18.742172,12.791918,0.000000,1.000000
-3.489988,-12.714338,6.518947,0.000000,-1.000000
-15.739151,-18.743611,4.425099,0.000000,1.000000
-10.653235,-26.888130,0.158936,-0.000000,-1.000000
-40.512202,-17.455833,11.856838,0.000000,1.000000
-34.425920,-2.340412,0.026764,-0.000000,-1.000000
-10.906739,-4.682423,6.527006,0.000000,-1.000000
-7.964588,-22.641760,0.007199,-0.000000,-1.000000
-107.635644,3.968046,0.730997,-0.000000,-1.000000
-67.912728,-19.907683,7.380390,0.000000,1.000000
-15.108090,-19.856338,5.139687,0.000000,1.000000
-10.919328,-9.977536,4.956347,0.000000,1.000000
-38.141621,-21.855490,5.630691,0.000000,1.000000
-14.475664,-6.361641,0.179164,-0.000000,-1.000000
-24.167080,-18.743472,4.326653,0.000000,1.000000
-37.514403,2.072966,0.026764,-0.000000,-1.000000
-29.082420,1.513532,0.166340,-0.708383,-1.000000
-50.351507,-7.914719,1.685163,-0.000000,-1.000000
-20.158223,-18.743208,2.031574,-0.000000,1.000000
-42.892306,-17.443556,3.467930,-0.000000,1.000000
-19.321093,-18.743120,3.979819,-0.000000,1.000000
0.649773,-12.640441,5.941018,0.000000,1.000000
-40.981822,-17.443575,2.294611,-0.000000,1.000000
-10.477899,-94.648385,0.151910,-0.000000,-1.000000
-35.693520,-21.882356,3.943993,-0.000000,1.000000
-19.031584,-18.743105,3.856410,-0.000000,1.000000
-15.108082,-28.317525,6.812568,0.000000,1.000000
-0.860504,-25.027226,0.000000,-0.000000,-1.000000
-16.144782,-18.743608,4.449272,0.000000,1.000000
-14.939905,-24.700462,3.653696,-0.000000,1.000000
-107.403181,3.349855,2.925869,-0.000000,1.000000
-25.098227,-18.743476,4.694735,0.000000,1.000000
-12.131472,6.652048,3.863084,0.000000,1.000000
-16.677955,-18.743604,1.117920,-0.000000,1.000000
-15.108093,-35.193752,2.089753,-0.000000,1.000000
-84.724814,-12.379148,8.284615,0.000000,1.000000
-22.929214,-18.742668,4.621682,0.000000,1.000000
-58.412513,9.928352,0.179950,0.000000,-1.000000
-8.288187,-7.963364,0.013033,-0.000000,-1.000000
2.322433,-12.612217,4.313538,0.000000,1.000000
-15.108086,-23.630064,3.073927,-0.000000,1.000000
-40.008122,-19.134350,3.740519,-0.000000,1.000000
-15.893043,-18.743595,6.273158,0.000000,1.000000
7.281761,-67.617115,4.962831,0.000000,-1.000000
-22.610256,-11.244735,0.145970,-0.000000,-1.000000
-14.312902,-21.988050,9.233372,0.000000,1.000000
-15.108092,-39.523311,2.908517,-0.000000,1.000000
-6.309436,-12.110388,0.000001,-0.000000,-1.000000
-8.179267,-18.364759,0.152400,-0.000000,-1.000000
-46.272062,-14.435667,0.172909,-0.000000,-1.000000
-12.505453,-2.269815,0.465215,2.486176,0.000000
-40.136314,-17.256416,3.065941,-0.000000,1.000000
-10.784385,-10.099592,3.780439,-0.000000,1.000000
-18.487690,-18.638193,4.292187,0.000000,1.000000
-10.160861,-37.149109,0.152400,-0.000000,-1.000000
6.223647,-136.655910,4.526369,0.000000,-1.000000
-20.203122,-18.743133,4.031579,-0.000000,1.000000
-67.912727,-13.857907,5.055803,0.000000,1.000000
-69.768533,-12.352410,6.804379,0.000000,1.000000
-15.841713,-23.917172,12.335112,0.000000,1.000000
-14.475268,0.744513,1.166898,-0.003417,-1.000000
-54.407186,2.948036,0.026929,-0.000000,-1.000000
-2.137332,-34.081266,0.651507,3.148864,0.000000
-39.839933,-17.582197,0.570390,-0.000000,1.000000
-25.548732,-18.743522,3.612905,-0.000000,1.000000
-5.400395,-30.215830,-0.000000,-0.000000,-1.000000
-77.472585,-12.379120,7.847124,0.000000,1.000000
0.807118,-32.043337,0.000051,-0.000000,-1.000000
-15.006690,-36.561819,2.627737,-0.000000,1.000000
-44.198126,-17.443023,5.360979,0.000000,1.000000
-67.742295,-18.238140,6.473229,0.000000,1.000000
-81.846605,-31.001848,23.012687,0.000000,-1.000000
-20.080955,-18.743112,5.506885,0.000000,1.000000
-26.144946,-11.933134,0.152616,-0.000000,-1.000000
-15.108092,-29.515020,4.763824,0.000000,1.000000
-14.300060,-22.010746,9.217744,0.000000,1.000000
-14.971828,-34.107665,10.143594,0.000000,1.000000
-106.136576,-4.758638,0.254282,-0.000000,-1.000000
-35.803850,-8.770173,0.210166,-0.000000,-1.000000
-63.906711,-45.438391,22.332887,0.000000,-1.000000
-12.907025,-33.554994,6.804516,0.000000,1.000000
-36.246946,-24.076525,7.456864,0.000000,1.000000
-15.108087,-23.971395,5.593897,0.000000,1.000000
-20.113271,-18.743137,3.360156,-0.000000,1.000000
-16.509619,-51.095854,0.152399,-0.000000,-1.000000
-44.877101,-17.443020,1.212949,-0.000000,1.000000
-26.522009,-18.652732,3.747142,-0.000000,1.000000
-15.108093,-33.660591,5.268531,0.000000,1.000000
-15.712839,-18.743605,2.153174,-0.000000,1.000000
-22.458866,-18.739071,9.364730,0.000000,1.000000
10.414355,-57.064403,1.341979,0.000000,-1.000000
-30.496962,-96.658957,0.304682,-0.000000,-1.000000
-12.750804,-56.999037,0.152400,-0.000000,-1.000000
-11.393579,-15.481432,0.187344,-0.000000,-1.000000
-20.791808,-18.638323,3.826254,-0.000000,1.000000
-15.638379,-42.721588,11.822798,0.000000,1.000000
-59.434395,5.096391,0.179165,0.000000,-1.000000
-46.729544,-17.352674,14.726205,0.000000,1.000000
-10.779356,-10.117726,3.961982,-0.000000,1.000000
-15.494150,-18.446385,0.298369,-0.000000,-1.000000
-15.108093,-35.746443,3.044385,-0.000000,1.000000
-36.246982,-25.958373,5.115213,0.000000,1.000000
-25.832960,-18.743529,3.475533,-0.000000,1.000000
2.261207,-33.257530,0.013662,0.000000,-1.000000
-15.040312,-33.411063,0.985423,-0.000000,1.000000
11.464534,-64.855792,6.477378,0.000000,-1.000000
-71.245909,-12.379127,5.114502,0.000000,1.000000
-37.920500,-21.855476,6.940810,0.000000,1.000000
-34.408644,6.661719,0.179036,0.000000,-1.000000
-105.989857,-4.883161,1.157179,-0.000000,-1.000000
-10.913834,-3.089591,6.602695,0.000000,-1.000000
-20.821095,-18.638273,4.767908,0.000000,1.000000
-9.675624,-23.385294,0.152400,-0.000000,-1.000000
-67.912727,-16.956277,10.748399,0.000000,1.000000
-26.522035,-18.667486,4.053366,-0.000000,1.000000
-25.243457,-3.719971,0.627972,-0.002621,0.000000
-30.479041,2.379049,0.026763,-0.000000,-1.000000
-38.738956,-18.798451,8.736595,0.000000,1.000000
1.114059,-23.072159,0.594583,-0.000000,-1.000000
-72.812349,-13.522786,12.201897,0.000000,1.000000
-38.050384,-21.855483,7.844330,0.000000,1.000000
-39.105219,-19.531878,9.202267,0.000000,1.000000
-33.945635,6.487783,0.178928,0.000000,-1.000000
-24.060858,-18.743505,3.518677,-0.000000,1.000000
-0.314614,-12.679017,6.060899,0.000000,1.000000
-23.814930,-18.743444,4.041686,-0.000000,1.000000
6.054163,-23.938964,3.218988,0.000000,-1.000000
-12.895644,-10.900336,0.231245,-0.000000,-1.000000
-67.251317,-12.391246,8.891108,0.000000,1.000000
-67.912734,-15.932811,9.131868,0.000000,1.000000
-67.912727,-13.985189,4.830149,0.000000,1.000000
-13.132532,-2.459323,1.276562,2.531047,0.000000
-15.108086,-23.493222,5.163194,0.000000,1.000000
-9.716803,-42.791955,0.152400,-0.000000,1.000000
-22.687431,-18.742652,3.255422,-0.000000,1.000000
-10.872973,-9.587661,7.899764,0.000000,1.000000
-37.058337,6.541272,0.179360,0.000000,-1.000000
-11.656023,-2.682471,1.249427,2.446565,0.000000
-10.357240,-43.423967,0.163165,-0.000000,1.000000
-47.188186,-9.707940,0.172277,-0.000000,-1.000000
1.683320,-31.445514,0.007950,0.000000,-1.000000
6.151384,-63.137536,0.649367,0.000000,-1.000000
-15.108092,-39.437801,5.521747,0.000000,1.000000
-47.384122,-16.241676,0.172910,-0.000000,-1.000000
-40.449229,-19.614293,11.698156,0.000000,-1.000000
-40.008117,-19.259521,2.711263,-0.000000,1.000000
-89.568715,6.134450,0.179205,0.000000,-1.000000
-87.777950,-8.986801,3.019818,-0.000000,1.000000
-67.912736,-16.192008,3.913033,-0.000000,1.000000
-12.759090,-35.251133,7.075694,0.000000,1.000000
-14.970682,-27.867805,2.327391,-0.000000,1.000000
-15.108097,-35.661089,2.175244,-0.000000,1.000000
-38.210047,-21.817849,5.812725,0.000000,1.000000
-15.108097,-37.590672,7.448094,0.000000,1.000000
-32.724221,-22.201821,3.401596,-0.000000,1.000000
-73.095675,-23.987991,0.170284,-0.000000,-1.000000
-15.108093,-41.342746,7.117092,0.000000,1.000000
-15.003797,-27.935654,10.224145,0.000000,1.000000
-14.939901,-36.682516,2.288541,-0.000000,1.000000
-40.008127,-18.773527,3.943519,-0.000000,1.000000
-24.940462,-18.743472,0.231857,-0.000000,-1.000000
-14.294253,-38.067729,9.210664,0.000000,1.000000
-67.867867,-14.288834,6.926893,0.000000,1.000000
-22.209212,-18.637285,3.644169,-0.000000,1.000000
-42.185662,-17.443553,6.970045,0.000000,1.000000
-2.194289,-34.189966,0.613270,3.148170,0.000000
-21.803796,-18.676411,2.227232,-0.000000,1.000000
-44.268623,-16.065628,0.172908,-0.000000,-1.000000
-24.044836,-18.743459,1.898417,-0.000000,1.000000
-21.675237,-18.743828,4.059392,-0.000000,1.000000
-13.250656,-20.007079,3.979572,-0.000000,1.000000
-68.319986,-21.382322,8.442721,0.000000,1.000000
-20.367838,-18.743118,3.401687,-0.000000,1.000000
-45.427109,-17.439580,14.387719,0.000000,1.000000
-32.739852,-22.550804,0.293623,-0.000000,-1.000000
-36.246972,-25.209077,6.101865,0.000000,1.000000
-24.326461,-18.743513,2.002207,-0.000000,1.000000
-15.939618,-26.319062,12.581740,0.000000,1.000000
-37.942882,-21.882363,0.796434,-0.000000,1.000000
-28.165732,-14.268439,0.298370,-0.000000,-1.000000
-40.008143,-21.721335,7.590661,0.000000,1.000000
-20.248831,-18.743085,4.796571,0.000000,1.000000
-33.809538,-2.603325,0.026763,-0.000000,-1.000000
-84.068170,12.644957,0.180453,0.000000,-1.000000
-25.978935,1.123518,1.047119,-0.707400,-1.000000
-10.787826,-14.139325,0.168702,-0.000000,-1.000000
-67.912721,-18.726555,9.827090,0.000000,1.000000
-40.008120,-20.345108,5.385665,0.000000,1.000000
-26.286473,-18.743552,6.564664,0.000000,1.000000
-67.912735,-17.952653,4.005410,-0.000000,1.000000
-71.585229,-14.391201,10.686160,0.000000,1.000000
-20.936550,-18.638360,4.102770,0.000000,1.000000
-17.178827,-18.743611,4.104195,0.000000,1.000000
-22.670318,-18.742735,6.828942,0.000000,1.000000
-15.108081,-24.395151,6.552432,0.000000,1.000000
-26.766622,-18.561757,2.779780,-0.000000,1.000000
-15.439379,-25.910226,11.321476,0.000000,1.000000
-35.195204,-24.983090,8.478195,0.000000,1.000000
-15.435615,-24.895999,11.312014,0.000000,1.000000
-1.358989,-12.735264,1.217217,0.336752,0.000000
-15.108084,-24.492214,5.973426,0.000000,1.000000
-4.916991,-33.313323,-0.000001,-0.000000,-1.000000
-11.246564,-7.102267,0.179164,-0.000000,-1.000000
-35.142527,-23.095590,4.585332,0.000000,1.000000
-32.796746,-21.279325,3.492444,-0.000000,1.000000
-67.912740,-13.171759,0.586967,-0.000000,1.000000
-39.938348,-25.216107,11.759585,0.000000,1.000000
-4.217404,-15.942114,-0.000000,-0.000000,-1.000000
-8.489942,-35.508182,0.152399,-0.000000,-1.000000
-107.514271,-6.633774,3.860388,-0.000000,1.000000
-25.318310,-18.743470,8.749397,0.000000,1.000000
-93.120534,7.007011,0.175608,0.000000,-1.000000
-45.925185,-17.352667,9.030574,0.000000,1.000000
-13.676481,-0.328914,0.539153,-0.004234,-1.000000
-18.900648,-18.652737,8.908991,0.000000,1.000000
-20.271313,-18.652789,10.920430,0.000000,1.000000
-21.683645,-18.744565,4.119973,0.000000,1.000000
3.020189,-39.340840,0.135271,0.000000,-1.000000
-108.146219,4.798299,1.896433,0.000000,-1.000000
-15.108099,-20.927121,4.894211,0.000000,1.000000
-106.335046,-0.065990,0.010803,-0.000000,-1.000000
-36.246937,-23.000413,8.016036,0.000000,1.000000
-22.866731,-18.637807,3.605174,-0.000000,1.000000
-41.110585,-17.443559,5.269321,0.000000,1.000000
-26.375842,-18.743531,4.011166,-0.000000,1.000000
-44.820880,-17.443555,8.403411,0.000000,1.000000
-17.297835,-18.743624,3.232102,-0.000000,1.000000
-41.764298,-20.725372,13.945564,0.000000,1.000000
-21.311069,-18.743364,4.094444,-0.000000,1.000000
-33.022776,-23.015008,3.231760,-0.000000,-1.000000
-10.793287,-10.204016,4.152349,0.000000,1.000000
-92.501717,13.065322,0.180129,0.000000,-1.000000
-15.108097,-25.797552,4.903282,0.000000,1.000000
-15.108086,-35.216449,1.985810,-0.000000,1.000000
-22.591480,-18.742592,3.121539,-0.000000,1.000000
-62.975893,-34.573360,23.242560,0.000000,-1.000000
-17.027428,-18.573217,10.222175,0.000000,1.000000
-56.089390,-17.896686,0.299289,-0.000000,-1.000000
-21.712881,-18.741349,9.671755,0.000000,1.000000
-32.731946,-23.035842,3.634910,-0.000000,-1.000000
-14.163506,0.810038,1.092310,-0.003568,-1.000000
-35.850248,-24.354026,8.931392,0.000000,1.000000
-26.803198,-3.545673,1.323909,-0.001999,0.000000
-36.246954,-24.872404,7.320577,0.000000,1.000000
-17.235531,-18.743610,2.233425,-0.000000,1.000000
-17.450781,-18.743598,6.386360,0.000000,1.000000
-33.776061,-24.175086,4.046570,-0.000000,1.000000
-13.732371,-2.522056,0.026763,-0.000000,0.000000
-12.417068,-21.837788,0.219816,-0.000000,-1.000000
-49.846112,-17.443562,3.083555,-0.000000,1.000000
2.646581,-52.660298,2.613783,0.000000,1.000000
-8.999234,-9.607371,0.155350,-0.000000,-1.000000
-15.108089,-28.724280,4.294545,0.000000,1.000000
-16.088849,-18.743608,7.401962,0.000000,1.000000
-27.885018,-6.754784,0.037950,-0.000000,-1.000000
-14.170468,-19.739903,9.060019,0.000000,1.000000
-106.482773,-6.877424,0.946063,-0.000000,-1.000000
-67.912723,-16.052548,5.032370,0.000000,1.000000
-35.293659,-21.882386,1.920144,-0.000000,1.000000
-33.210988,-21.695205,1.611451,-0.000000,-1.000000
-15.108098,-22.605890,4.384756,0.000000,1.000000
-37.729716,-21.882377,8.731965,0.000000,1.000000
-32.230021,-7.280692,0.179163,-0.000000,-1.000000
-21.397408,-18.694750,2.807563,-0.000000,1.000000
-21.013379,-18.638612,7.025125,0.000000,1.000000
-36.075176,-23.583406,4.953035,0.000000,1.000000
-55.174052,-8.779370,0.194874,-0.000000,-1.000000
-12.136868,-26.992371,0.177819,-0.000000,-1.000000
-100.797870,0.675347,0.000009,-0.000000,-1.000000
-9.785340,-7.257289,0.177299,-0.000000,-1.000000
-50.980986,-17.422265,11.512212,0.000000,1.000000
-5.101097,-15.732935,-0.000000,-0.000000,-1.000000
-35.110966,-24.148746,4.572884,0.000000,1.000000
-21.094714,-18.743787,8.508309,0.000000,1.000000
-26.218180,-11.181539,0.198186,-0.000000,-1.000000
-67.912739,-15.078912,1.545141,-0.000000,1.000000
-14.974113,-18.556456,1.556058,-0.000000,-1.000000
-67.742303,-18.242802,6.194144,0.000000,1.000000
-7.924770,-15.088578,0.005451,-0.000000,-1.000000
-15.108086,-34.930263,7.524950,0.000000,1.000000
-29.660258,2.226079,0.026764,-0.000000,-1.000000
-19.266074,-18.743131,3.391735,-0.000000,1.000000
-26.853175,-18.561738,7.614562,0.000000,1.000000
-8.904813,-9.963883,0.153289,-0.000000,-1.000000
-34.373694,-21.882355,3.510152,-0.000000,1.000000
-4.809925,-27.210643,-0.000000,-0.000000,-1.000000
-15.059649,-27.953761,10.364835,0.000000,1.000000
-106.728946,-1.506991,2.519970,-0.000000,-1.000000
-22.709923,-18.742757,3.790683,-0.000000,1.000000
-12.676657,-5.520615,0.027641,-0.000000,-1.000000
-13.190324,-20.059304,3.743377,-0.000000,1.000000
-21.040233,-18.638354,4.061540,-0.000000,1.000000
-21.653165,-18.743411,4.073740,-0.000000,1.000000
-42.580193,8.984407,0.179775,0.000000,-1.000000
-22.803271,-18.739468,11.820775,0.000000,1.000000
-37.527970,0.929990,0.940951,-1.538633,-1.000000
-44.053541,6.242347,0.179298,0.000000,-1.000000
-16.995973,-18.743602,8.770563,0.000000,1.000000
2.638334,-68.991536,4.565070,0.000000,-1.000000
-49.621761,-16.925107,13.815349,0.000000,1.000000
-15.108105,-19.321911,3.073047,-0.000000,1.000000
-14.962892,-18.599436,10.121127,0.000000,1.000000
-15.820385,-18.743605,4.273488,0.000000,1.000000
-36.246984,-26.195360,6.084543,0.000000,1.000000
-37.983295,-21.855483,5.700079,0.000000,1.000000
-12.202486,6.622788,4.081297,0.000000,1.000000
-13.093676,-2.586142,1.464831,2.527057,0.000000
-107.130169,3.811081,0.812510,-0.000000,-1.000000
-6.562963,-17.959789,0.000000,-0.000000,-1.000000
-33.022801,-22.879285,2.348348,-0.000000,-1.000000
-38.221595,-21.882389,5.265893,0.000000,1.000000
-52.783083,-2.463042,0.032238,-0.000000,-1.000000
-21.278195,-18.743380,5.187895,0.000000,1.000000
-16.757885,-80.924963,7.263710,0.000000,1.000000
-40.165050,4.258352,0.179164,-0.000000,-1.000000
-84.459372,-30.271983,8.227438,0.000000,1.000000
-26.887494,-11.747923,0.298369,-0.000000,-1.000000
-67.912747,-16.086923,7.615952,0.000000,1.000000
8.263046,-109.969655,1.001920,0.000000,-1.000000
-22.767097,-18.742855,4.665422,0.000000,1.000000
-13.975138,-2.265337,0.752720,2.556578,0.000000
-36.246988,-25.806732,5.329438,0.000000,1.000000
-15.108092,-22.352449,6.860812,0.000000,1.000000
7.397797,-41.838639,0.848166,0.000000,-1.000000
-39.839927,-17.472874,7.579936,0.000000,1.000000
-67.912735,-13.996699,9.411593,0.000000,1.000000
-20.245241,-18.739752,10.275504,0.000000,1.000000
-40.008128,-18.633843,3.724723,-0.000000,1.000000
-15.066916,-0.410679,1.192651,-0.003221,-1.000000
-15.108093,-21.842097,1.700052,-0.000000,1.000000
-15.108085,-27.392519,8.467783,0.000000,1.000000
-21.213618,-18.743341,4.295105,0.000000,1.000000
-29.033798,3.704422,0.179165,-0.000000,-1.000000
-67.321652,-11.351451,8.394870,0.000000,1.000000
-65.719025,-38.522333,24.093659,0.000000,-1.000000
-15.097743,-36.561813,2.240683,-0.000000,1.000000
-15.108081,-21.034415,4.238657,0.000000,1.000000
-7.746923,-11.934243,0.001991,-0.000000,-1.000000
-14.365488,-26.030436,9.297369,0.000000,1.000000
-16.630290,-18.743613,4.055664,-0.000000,1.000000
-67.730953,-20.849018,1.594208,-0.000000,1.000000
-9.054214,-7.170504,0.024342,-0.000000,-1.000000
-7.346878,-9.177836,0.002025,-0.000000,-1.000000
-25.777439,-18.743541,0.714210,-0.000000,-1.000000
-67.912734,-18.070685,6.980947,0.000000,1.000000
-15.026181,-24.561818,3.373415,-0.000000,1.000000
-39.847651,-17.256413,7.042615,0.000000,1.000000
-0.158816,-34.930142,-0.000004,-0.000000,-1.000000
-13.209671,-13.692114,0.241480,-0.000000,-1.000000
-15.618821,-41.747027,11.773547,0.000000,1.000000
-33.022786,-23.103828,3.061501,-0.000000,-1.000000
-2.283083,-12.444818,0.565483,0.329697,0.000000
-9.100408,-14.000361,0.152400,-0.000000,-1.000000
-10.948678,-9.975297,2.339481,-0.000000,1.000000
-37.502254,-25.318807,10.074245,0.000000,1.000000
-15.108083,-21.975612,6.180397,0.000000,1.000000
-26.622464,1.052359,1.254910,-0.708065,-1.000000
-14.742113,-13.069481,0.287428,-0.000000,-1.000000
-36.246948,-25.178670,5.181407,0.000000,1.000000
-15.847587,-18.743606,4.083715,-0.000000,1.000000
-26.706728,-3.394210,1.322531,-0.002009,0.000000
-13.322234,-19.911051,6.458903,0.000000,1.000000
-49.872217,-14.102948,0.172909,-0.000000,-1.000000
-36.246974,-24.571638,8.235301,0.000000,1.000000
-40.008133,-21.241728,5.720017,0.000000,1.000000
-42.984279,-26.734474,14.893963,0.000000,-1.000000
-33.733296,-21.882387,0.392140,-0.000000,-1.000000
-7.341551,-10.437360,0.000167,-0.000000,-1.000000
-21.852048,-18.746639,5.008144,0.000000,1.000000
-15.076059,-33.899683,2.035631,-0.000000,1.000000
-15.169194,-18.470971,0.298369,-0.000000,-1.000000
-12.039716,-10.766324,0.205477,-0.000000,-1.000000
-22.854301,-18.652435,10.383339,0.000000,1.000000
-23.601011,-18.743515,4.018224,-0.000000,1.000000
-15.108097,-23.596138,5.502900,0.000000,1.000000
0.509463,-49.853183,0.000000,-0.000000,-1.000000
-23.461808,-18.743382,8.204437,0.000000,1.000000
-4.829587,-13.867806,0.000000,-0.000000,-1.000000
-31.301869,-7.743258,0.179165,-0.000000,-1.000000
2.541421,-42.106470,4.938062,0.000000,-1.000000
-17.771279,-18.743637,4.100934,0.000000,1.000000
-19.816142,-18.743190,4.552449,0.000000,1.000000
-12.088100,-6.364133,0.179163,-0.000000,-1.000000
-21.847097,-18.745597,4.099267,-0.000000,1.000000
-15.108087,-21.818576,0.705557,-0.000000,1.000000
-47.378564,-13.274004,0.172909,-0.000000,-1.000000
-15.108089,-20.510559,4.727195,0.000000,1.000000
1.845962,-36.267300,0.009286,0.000000,-1.000000
-14.256862,-13.120729,0.272833,-0.000000,-1.000000
-43.098950,-17.443566,1.286917,-0.000000,1.000000
-21.593716,-18.743664,3.035726,-0.000000,1.000000
-36.246941,-24.462896,7.764716,0.000000,1.000000
-24.000669,-18.743537,3.729128,-0.000000,1.000000
-23.369214,-18.743513,7.624285,0.000000,1.000000
-15.108087,-22.692745,2.246241,-0.000000,1.000000
-1.186295,-33.530077,-0.000000,-0.000000,-1.000000
-67.912731,-14.138243,7.173027,0.000000,1.000000
-38.194740,-25.342804,12.290054,0.000000,1.000000
-15.612910,-24.550797,11.758672,0.000000,1.000000
-67.421869,-15.428372,0.316347,-0.000000,-1.000000
-32.690788,-21.809660,3.618690,-0.000000,1.000000
1.432168,-27.240879,0.005413,-0.000000,-1.000000
-35.852330,-21.882387,4.037958,-0.000000,1.000000
-17.184664,-18.743623,11.704999,0.000000,1.000000
-13.760820,-27.472829,7.077684,0.000000,1.000000
-15.108090,-29.196892,0.936579,-0.000000,1.000000
-25.896496,-17.322308,0.301829,-0.000000,-1.000000
-10.977938,1.157630,6.678450,0.000000,1.000000
-15.108107,-25.735240,2.970456,-0.000000,1.000000
-84.165742,-27.668744,0.168243,-0.000000,1.000000
-15.765649,-18.638164,7.314108,0.000000,1.000000
-15.108081,-21.180151,5.355717,0.000000,1.000000
-30.163047,5.523897,0.178133,0.000000,-1.000000
-19.380736,-18.743138,4.502186,0.000000,1.000000
-39.392918,-8.226288,0.238118,-0.000000,-1.000000
-23.005988,-18.742817,4.736989,0.000000,1.000000
-45.427755,-29.508473,17.971339,0.000000,-1.000000
-63.250347,-35.634505,22.145792,0.000000,-1.000000
-106.017024,-5.498086,1.510498,-0.000000,-1.000000
-14.374579,-18.244432,9.308442,0.000000,1.000000
-33.022765,-22.596341,3.300170,-0.000000,-1.000000
-39.914203,-21.882414,10.444844,0.000000,1.000000
-22.972521,-17.602861,0.145969,-0.000000,-1.000000
-93.733295,-31.079289,3.249785,-0.000000,1.000000
-22.300270,-18.742447,3.977292,-0.000000,1.000000
-15.108088,-34.958299,5.561817,0.000000,1.000000
-18.854235,-18.743638,8.950514,0.000000,1.000000
-15.040330,-33.428377,1.044198,-0.000000,1.000000
-21.895767,-18.758100,4.097671,-0.000000,1.000000
8.269702,-63.602963,5.996528,0.000000,-1.000000
-24.346590,-18.743490,5.693781,0.000000,1.000000
1.641372,-29.983803,0.007554,0.000000,-1.000000
-62.935820,2.060809,0.026764,-0.000000,-1.000000
-14.466066,-40.831145,0.152400,-0.000000,-1.000000
-40.008143,-21.522842,3.682962,-0.000000,1.000000
-102.945218,6.813603,-0.000001,0.000000,-1.000000
-17.639085,-18.743618,8.385592,0.000000,1.000000
-24.123284,-18.743514,4.400577,0.000000,1.000000
-37.739278,-23.974469,10.238234,0.000000,1.000000
-33.022803,-23.045256,2.631052,-0.000000,-1.000000
-15.108092,-40.398311,3.969355,-0.000000,1.000000
-16.153111,-18.743630,2.057910,-0.000000,1.000000
-15.108088,-33.589620,6.588886,0.000000,1.000000
-15.108102,-21.755029,3.372502,-0.000000,1.000000
-67.912720,-17.298240,1.597642,-0.000000,1.000000
-32.599507,-6.798168,0.179164,-0.000000,-1.000000
-8.816319,-57.445348,0.152400,-0.000000,-1.000000
-15.594516,-18.743605,5.223837,0.000000,1.000000
-15.837157,-2.133119,0.026764,-0.000000,-1.000000
-23.763325,-18.743458,4.554272,0.000000,1.000000
-14.574422,-18.593966,0.284060,-0.000000,-1.000000
6.189185,-24.207206,3.328234,0.000000,-1.000000
-19.987834,-18.743135,3.087707,-0.000000,1.000000
9.744632,-63.166610,6.825829,0.000000,-1.000000
-15.108093,-25.784080,7.142620,0.000000,1.000000
-35.495889,5.536390,0.178984,0.000000,-1.000000
-22.294041,-14.494930,0.145970,-0.000000,-1.000000
-27.468687,-18.936343,8.829093,0.000000,1.000000
1.037222,-12.655511,5.787933,0.000000,1.000000
-107.860149,13.843189,0.363452,0.000000,-1.000000
-60.443163,2.008462,0.026764,-0.000000,-1.000000
-14.022999,-6.130049,0.179164,-0.000000,-1.000000
-14.986723,-18.815785,10.181144,0.000000,1.000000
-49.644543,0.862871,0.916036,-0.490970,-1.000000
-14.939893,-42.904992,3.370021,-0.000000,1.000000
-15.962993,-18.743613,2.955267,-0.000000,1.000000
-15.108103,-38.608998,8.121972,0.000000,1.000000
-27.117504,-5.714145,0.031615,-0.000000,-1.000000
-15.902352,-18.743608,3.339864,-0.000000,1.000000
-17.222034,-18.743620,6.624997,0.000000,1.000000
-22.249134,-18.742256,4.257534,0.000000,1.000000
-11.015889,-9.993932,5.043246,0.000000,1.000000
-25.210192,-18.743520,6.053336,0.000000,1.000000
-51.928816,9.639071,0.179898,0.000000,-1.000000
-23.666843,-18.743529,5.807293,0.000000,1.000000
-1.147268,-13.360508,0.826521,0.336340,0.000000
-19.104307,-18.653851,2.808190,-0.000000,1.000000
-16.990835,-76.069608,0.732635,-0.000000,-1.000000
-11.204362,-38.269210,0.152400,-0.000000,-1.000000
-12.752556,-14.447413,7.133491,0.000000,1.000000
-40.008138,-21.869171,6.359760,0.000000,1.000000
-22.803203,-18.637864,6.981683,0.000000,1.000000
-36.246954,-21.950875,8.268874,0.000000,1.000000
-25.744635,-18.743487,3.665869,-0.000000,1.000000
-19.852618,-18.743172,0.607054,-0.000000,1.000000
-20.062878,-18.743213,5.886931,0.000000,1.000000
-23.201594,-18.742959,5.212761,0.000000,1.000000
-2.186703,-36.321273,-0.000000,-0.000000,0.000000
-12.282481,-12.644574,0.213247,-0.000000,-1.000000
-22.974585,-18.742863,4.136174,0.000000,1.000000
-21.362523,-18.743489,4.087122,-0.000000,1.000000
-21.723277,-18.743803,5.059111,0.000000,1.000000
-10.980163,1.591459,6.611820,0.000000,1.000000
-25.368528,-3.714738,0.672856,-0.002577,0.000000
-67.958998,8.920250,0.179756,0.000000,-1.000000
-11.767793,-3.162142,1.520550,2.424312,0.000000
-25.703519,-18.743487,4.277908,0.000000,1.000000
-15.116713,-29.299762,10.508593,0.000000,1.000000
-40.008132,-17.826723,3.659461,-0.000000,1.000000
-12.085607,6.736128,3.615961,0.000000,1.000000
-36.367041,5.786373,0.179172,0.000000,-1.000000
-60.275744,12.997391,0.828543,0.000000,-1.000000
-20.426741,-18.743101,3.968451,-0.000000,1.000000
-36.917076,7.071491,0.179452,0.000000,-1.000000
-2.158323,-116.240400,-0.000000,-0.000000,-1.000000
-33.022795,-23.504905,2.991862,-0.000000,-1.000000
-15.119940,-26.052375,10.516736,0.000000,1.000000
-40.008141,-21.134345,3.708249,-0.000000,1.000000
-28.831799,-14.863037,0.292951,-0.000000,-1.000000
-35.423380,-21.882374,3.223552,-0.000000,1.000000
-26.618203,-18.561753,4.467592,0.000000,1.000000
-13.860416,-25.419673,8.618441,0.000000,1.000000
-9.643394,-7.814053,0.173255,-0.000000,-1.000000
-21.628309,-18.743971,4.074830,-0.000000,1.000000
-25.735425,3.547587,0.179164,-0.000000,-1.000000
-4.278493,-36.524618,0.815847,-1.387537,0.000000
-39.552756,-17.831902,0.325309,-0.000000,1.000000
-49.229283,-14.922034,0.172909,-0.000000,-1.000000
-15.706489,-18.743607,4.229194,0.000000,1.000000
-16.429061,-12.891031,0.298369,-0.000000,-1.000000
-15.686843,-18.743609,4.557005,0.000000,1.000000
-32.903174,-21.909355,3.702425,-0.000000,1.000000
-15.640558,-35.579313,11.828334,0.000000,1.000000
-67.912737,-14.363882,2.275603,-0.000000,1.000000
5.403689,-38.613430,0.523027,0.000000,-1.000000
13.332183,-103.486298,1.825655,0.000000,1.000000
-3.066624,-35.131249,0.000000,-0.000000,-1.000000
-17.632348,-18.743632,5.084721,0.000000,1.000000
-27.584353,-15.286140,0.298369,-0.000000,-1.000000
-19.913494,-18.743094,4.224350,0.000000,1.000000
-7.485744,-24.247970,0.000001,-0.000000,-1.000000
-20.356418,-18.743146,3.902560,-0.000000,1.000000
-10.938733,-9.972507,2.026275,-0.000000,1.000000
-15.108100,-33.695194,4.449907,0.000000,1.000000
-15.108099,-23.969303,4.372212,0.000000,1.000000
-22.763088,-4.015434,0.052322,-0.000000,-1.000000
-11.704322,-39.460031,0.152400,-0.000000,-1.000000
-36.246948,-23.559557,6.868590,0.000000,1.000000
0.043173,-54.545516,0.000000,-0.000000,-1.000000
-38.662768,-21.534029,10.749127,0.000000,1.000000
-83.397651,-8.161156,0.178376,-0.000000,1.000000
-17.104670,-78.808275,19.468856,0.000000,-1.000000
-17.283482,-80.240931,18.736595,0.000000,-1.000000
-19.792720,-18.743694,8.263926,0.000000,1.000000
-70.032949,-12.379104,4.996886,0.000000,1.000000
-16.829421,-18.743612,4.220676,0.000000,1.000000
-16.695525,-18.743602,4.684911,0.000000,1.000000
-22.678823,-6.858432,0.061956,-0.000000,-1.000000
-33.254008,-21.957213,3.840739,-0.000000,1.000000
-16.316714,-18.589343,0.298370,-0.000000,1.000000
-15.108089,-21.199671,5.647879,0.000000,1.000000
-38.616054,-21.882368,3.762343,-0.000000,1.000000
-77.901134,-10.893525,0.188209,-0.000000,1.000000
-71.209866,1.582120,0.026764,-0.000000,-1.000000
-67.912722,-20.226494,6.033405,0.000000,1.000000
-27.405331,2.756358,0.028141,-0.000000,-1.000000
-30.091353,-8.144006,0.179190,-0.000000,-1.000000
-0.301788,-12.675627,6.066229,0.000000,1.000000
-106.976831,7.356827,2.088222,0.000000,-1.000000
-10.925983,-9.975829,3.922085,-0.000000,1.000000
-15.549812,-30.932916,11.599709,0.000000,1.000000
-15.108092,-27.521851,7.651494,0.000000,1.000000
-15.108084,-25.988021,4.692919,0.000000,1.000000
-19.722234,-18.743132,4.241904,0.000000,1.000000
-71.933658,-12.379127,7.510720,0.000000,1.000000
-14.027563,0.894375,1.051430,-0.003648,-1.000000
-84.890531,-30.273113,9.565620,0.000000,1.000000
-34.985156,-21.882361,3.579239,-0.000000,1.000000
-39.273224,4.550305,0.179164,-0.000000,-1.000000
-42.855690,-27.288056,14.794003,0.000000,-1.000000
-15.527207,-18.743588,3.282786,-0.000000,1.000000
-10.985517,-54.925006,0.152400,-0.000000,-1.000000
-21.531183,-18.743709,3.925651,-0.000000,1.000000
-21.418321,-18.743470,3.186379,-0.000000,1.000000
-11.541146,-3.351602,1.273506,2.387853,0.000000
-18.547445,-9.885546,0.134174,-0.000000,-1.000000
-35.495440,-21.908553,8.685933,0.000000,1.000000
-18.732935,-18.736018,0.716821,-0.000000,1.000000
-14.944199,-18.556456,5.814190,0.000000,1.000000
-15.108094,-23.890874,5.417679,0.000000,1.000000
-36.246942,-23.696276,5.642787,0.000000,1.000000
-27.049691,-7.761571,0.119089,-0.000000,-1.000000
-15.069556,-33.045749,2.292290,-0.000000,1.000000
-14.939910,-24.583107,0.480950,-0.000000,1.000000
-62.944896,6.801262,0.179372,0.000000,-1.000000
2.052466,-29.920766,0.011712,0.000000,-1.000000
-15.108109,-34.790528,7.170809,0.000000,1.000000
-22.585877,-18.742838,3.929190,-0.000000,1.000000
-26.769726,-0.250254,1.304852,-0.703184,-1.000000
-22.699114,-18.742716,6.493973,0.000000,1.000000
-19.318619,-18.743123,4.598488,0.000000,1.000000
-23.216538,-18.643749,2.045442,-0.000000,1.000000
-24.237173,-18.743485,0.988605,-0.000000,-1.000000
-47.144217,-4.655403,0.107836,-0.000000,-1.000000
-20.746529,-18.707686,4.191769,0.000000,1.000000
-15.108083,-33.543416,6.519287,0.000000,1.000000
-39.191101,-20.612337,9.306798,0.000000,1.000000
-12.104356,6.695321,4.171038,0.000000,1.000000
-11.538872,-3.009855,1.262880,2.414845,0.000000
-37.172367,-21.882379,3.017358,-0.000000,1.000000
-20.313017,-18.695434,2.946475,-0.000000,1.000000
-80.539240,-33.462396,25.831975,0.000000,-1.000000
-53.641862,1.517431,1.072181,-0.489539,-1.000000
-15.108093,-39.436218,1.194578,-0.000000,1.000000
-18.520308,-18.638171,4.118384,0.000000,1.000000
-16.978564,-80.320428,12.034457,0.000000,1.000000
-77.901151,-9.853365,3.402372,-0.000000,1.000000
-15.288315,-23.128735,10.940929,0.000000,1.000000
-106.100076,-4.610694,2.834947,-0.000000,-1.000000
-16.274827,-18.743593,6.084314,0.000000,1.000000
-20.334029,-18.743149,3.813611,-0.000000,1.000000
-15.370119,0.794994,1.533753,-0.002855,-1.000000
-45.684258,-17.383539,11.152484,0.000000,1.000000
-16.749526,-18.743611,4.735231,0.000000,1.000000
-7.058048,-13.113274,0.000000,-0.000000,-1.000000
-15.108094,-28.810390,3.115517,-0.000000,1.000000
-9.002162,-15.836744,0.152400,-0.000000,-1.000000
-19.768560,-18.743112,4.815088,0.000000,1.000000
-4.957309,-22.065970,-0.000001,-0.000000,-1.000000
-20.568310,-18.026169,0.145969,-0.000000,-1.000000
-15.108089,-27.963711,5.309363,0.000000,1.000000
-15.108085,-22.645849,2.262882,-0.000000,1.000000
-17.464718,-18.743620,4.190834,0.000000,1.000000
-36.246937,-22.181661,5.197782,0.000000,1.000000
-15.076047,-34.024693,1.654059,-0.000000,1.000000
-27.200943,1.188174,1.363194,-0.709084,-1.000000
-22.556972,-18.742911,3.909048,-0.000000,1.000000
6.020643,-25.833404,4.963449,0.000000,-1.000000
-67.912734,-13.516549,9.410102,0.000000,1.000000
8.270999,-64.930690,8.023168,0.000000,-1.000000
-15.851585,-18.743608,4.938280,0.000000,1.000000
-10.798503,-10.051409,4.709622,0.000000,1.000000
-19.459860,-18.743086,4.208137,0.000000,1.000000
-85.767659,-12.334270,6.831379,0.000000,1.000000
-107.903744,4.253636,4.069298,-0.000000,1.000000
-23.029959,-18.742919,4.382748,0.000000,1.000000
-15.108094,-23.354210,6.744995,0.000000,1.000000
-33.751320,-7.418293,0.179164,-0.000000,-1.000000
-40.008148,-20.902630,5.759853,0.000000,1.000000
-15.108092,-25.741655,1.360021,-0.000000,1.000000
-11.273620,-20.491263,0.184991,-0.000000,-1.000000
-14.418541,-30.936578,9.361935,0.000000,1.000000
-20.429899,1.110461,0.026764,-0.000000,-1.000000
-2.649337,-12.619715,1.034355,0.330822,0.000000
-11.970451,-24.282081,0.175414,-0.000000,-1.000000
-17.489007,-18.638163,7.060193,0.000000,1.000000
-9.929972,-9.815282,0.155441,-0.000000,-1.000000
-24.713918,-6.531896,0.065952,-0.000000,-1.000000
-26.115378,-18.743515,4.473625,0.000000,1.000000
-25.658275,-18.743508,4.396821,0.000000,1.000000
-67.912726,-19.432197,4.015343,-0.000000,1.000000
-11.733366,-3.027422,1.475420,2.431642,0.000000
-24.758943,-18.743520,3.897298,-0.000000,1.000000
-20.759043,-18.743824,8.110097,0.000000,1.000000
-67.912728,-14.689552,9.615170,0.000000,1.000000
-8.775872,-12.252591,0.152401,-0.000000,-1.000000
-38.746775,-21.734317,5.450469,0.000000,1.000000
-22.102584,-18.741894,5.712150,0.000000,1.000000
-15.173541,-19.807380,10.651791,0.000000,1.000000
-6.755548,-16.777243,-0.000000,-0.000000,-1.000000
-20.486796,-18.743155,0.375485,-0.000000,-1.000000
-32.854596,-21.996959,2.259912,-0.000000,-1.000000
-23.751853,-18.743469,4.007427,-0.000000,1.000000
-66.030509,5.594910,0.179164,0.000000,-1.000000
-11.255694,-65.204313,0.000001,-0.000000,-1.000000
-15.003509,-18.166868,10.223432,0.000000,1.000000
-15.129280,-18.556463,4.592319,0.000000,1.000000
-15.108092,-35.506423,8.539638,0.000000,1.000000
2.298532,-12.603842,4.626352,0.000000,1.000000
-36.246950,-23.243046,6.628616,0.000000,1.000000
-34.383764,-21.882392,3.149948,-0.000000,1.000000
-15.108082,-22.868174,5.325617,0.000000,1.000000
-33.343597,5.278785,0.179164,0.000000,-1.000000
-22.420253,-18.742561,5.724101,0.000000,1.000000
-71.382770,-5.815566,0.179164,-0.000000,-1.000000
-107.350063,6.014028,3.792424,0.000000,-1.000000
-17.068774,-18.743610,3.492055,-0.000000,1.000000
-1.781448,-12.881651,1.459328,0.336605,0.000000
-35.637470,2.217951,0.026764,-0.000000,-1.000000
-21.743645,-18.744132,4.075039,-0.000000,1.000000
-1.335274,-12.684410,6.254665,0.000000,1.000000
-9.593224,-6.587656,0.028289,-0.000000,-1.000000
-15.108081,-20.926997,1.863702,-0.000000,1.000000
-12.172120,6.634540,3.803566,0.000000,1.000000
-44.025108,2.757904,0.026832,-0.000000,-1.000000
-22.588890,-18.743013,4.232565,0.000000,1.000000
-15.108092,-37.631929,2.165720,-0.000000,1.000000
-21.640509,-18.743764,3.865800,-0.000000,1.000000
-10.854837,-21.366284,0.172582,-0.000000,-1.000000
-38.546653,-21.882363,3.154129,-0.000000,1.000000
-19.558964,-18.743063,5.545536,0.000000,1.000000
-22.789691,-18.637894,3.488261,-0.000000,1.000000
-15.108095,-32.283198,3.767101,-0.000000,1.000000
-15.108093,-27.089503,4.688961,0.000000,1.000000
-11.821405,-2.710580,1.400910,2.458454,0.000000
-100.805187,6.341637,-0.000000,0.000000,-1.000000
-20.989757,-18.638298,3.676548,-0.000000,1.000000
-25.225384,-18.743521,3.242540,-0.000000,1.000000
-81.902805,-31.296780,25.761800,0.000000,-1.000000
8.481438,-62.506994,1.028447,0.000000,-1.000000
-22.181809,-18.742164,5.572678,0.000000,1.000000
-17.169009,-18.743631,3.346949,-0.000000,1.000000
-24.665840,-18.743515,4.124553,0.000000,1.000000
-25.405352,-5.381930,0.063711,-0.000000,-1.000000
-15.108081,-32.400149,5.609823,0.000000,1.000000
-76.275094,-12.379120,1.681855,-0.000000,1.000000
-33.572931,-21.279348,3.917578,-0.000000,1.000000
-92.908473,2.586672,0.026764,-0.000000,-1.000000
-60.275977,12.810382,1.625308,0.000000,-1.000000
-18.313193,-79.288956,9.648228,0.000000,1.000000
-10.882908,-9.986958,7.312800,0.000000,1.000000
-23.763691,-18.743502,5.420807,0.000000,1.000000
-43.025260,-17.443556,5.583323,0.000000,1.000000
-22.285312,-18.742276,0.760439,-0.000000,-1.000000
-42.645888,-16.701497,14.483355,0.000000,1.000000
-15.108096,-21.692702,3.107358,-0.000000,1.000000
-16.803670,-18.743616,3.229967,-0.000000,1.000000
-6.206474,-12.551030,0.000000,-0.000000,-1.000000
1.633164,-72.572888,0.703315,0.000000,-1.000000
-24.280279,-18.743469,4.117297,0.000000,1.000000
-1.981339,-71.115746,-0.000000,-0.000000,-1.000000
-4.899124,-16.535373,-0.000000,-0.000000,-1.000000
-22.510544,-18.637786,3.707550,-0.000000,1.000000
-23.616905,-18.743512,3.953555,-0.000000,1.000000
-15.108103,-22.996175,3.986812,-0.000000,1.000000
-72.039776,-12.379111,4.134053,0.000000,1.000000
-106.089032,-4.498068,2.763393,-0.000000,-1.000000
-15.290644,-18.556446,5.334307,0.000000,1.000000
-46.420519,-17.439606,9.736239,0.000000,1.000000
-20.082899,-18.743155,3.895075,-0.000000,1.000000
-21.662461,-18.743660,1.894618,-0.000000,1.000000
-0.498507,-21.451783,-0.000001,-0.000000,-1.000000
-20.762276,-18.638292,5.377528,0.000000,1.000000
-8.599961,-30.336676,0.152401,-0.000000,-1.000000
-23.108293,-67.312017,0.000000,-0.000000,-1.000000
-26.840390,-18.561764,6.575311,0.000000,1.000000
-10.834215,-10.016328,2.786889,-0.000000,1.000000
-17.654770,-18.743613,4.142389,0.000000,1.000000
-40.008138,-21.744860,0.663417,-0.000000,1.000000
-21.738228,-18.743198,3.145582,-0.000000,1.000000
5.260292,-135.112507,3.996099,0.000000,-1.000000
-17.583882,-18.743633,3.738124,-0.000000,1.000000
-23.019977,1.214502,0.026764,-0.000000,-1.000000
-67.912731,-15.248710,10.473813,0.000000,1.000000
-24.189079,0.088280,0.026764,-0.000000,-1.000000
-40.008129,-21.553467,1.551394,-0.000000,1.000000
6.794050,-27.552652,4.161124,0.000000,-1.000000
-16.028187,-18.743591,6.637729,0.000000,1.000000
-36.246951,-24.011125,5.043762,0.000000,1.000000
-24.754661,-18.743487,3.918608,-0.000000,1.000000
-17.259459,-76.069613,0.260322,-0.000000,-1.000000
-4.272734,-16.955021,-0.000000,-0.000000,-1.000000
-40.008117,-19.151225,8.599655,0.000000,1.000000
-15.725540,-18.743609,3.264789,-0.000000,1.000000
-10.216525,-18.560140,0.152623,-0.000000,-1.000000
-0.104855,-48.876798,-0.000000,-0.000000,-1.000000
-21.646487,-18.740623,9.535033,0.000000,1.000000
-37.241559,-10.564773,0.264804,-0.000000,-1.000000
-40.008128,-21.763572,0.686643,-0.000000,1.000000
-20.478398,-18.743178,4.125910,0.000000,1.000000
-106.389248,-8.191026,1.615053,-0.000000,-1.000000
-72.942455,-13.762182,11.971586,0.000000,1.000000
-49.620739,-17.443579,2.751688,-0.000000,1.000000
-10.876795,-6.433798,6.438950,0.000000,1.000000
-21.149700,-113.721758,0.888551,-0.000000,-1.000000
-13.196830,-56.466186,6.512634,0.000000,-1.000000
-16.314213,-18.743615,7.657704,0.000000,1.000000
-26.706298,-18.561758,0.742710,-0.000000,-1.000000
-21.672979,-18.743718,4.849454,0.000000,1.000000
-15.108097,-32.659928,1.179480,-0.000000,1.000000
-13.308330,-3.283486,1.617155,2.491985,0.000000
-29.191576,4.902854,0.179164,0.000000,-1.000000
-51.421993,-17.293755,5.361688,0.000000,1.000000
-14.043106,-2.301486,1.035225,2.566588,0.000000
-27.841622,-0.087554,1.643982,-0.705414,-1.000000
-20.047706,-18.743151,3.039853,-0.000000,1.000000
-81.412239,-31.449419,24.342738,0.000000,-1.000000
1.162625,-34.847525,0.678206,-0.000000,-1.000000
-40.008133,-18.092957,6.843901,0.000000,1.000000
-64.643583,-17.672750,0.235708,-0.000000,-1.000000
-21.628889,-18.743647,3.987794,-0.000000,1.000000
-15.108094,-34.061146,7.038096,0.000000,1.000000
-9.215137,-23.919641,0.152399,-0.000000,-1.000000
-10.826740,-10.023671,3.964146,-0.000000,1.000000
-58.236236,5.244394,0.179164,0.000000,-1.000000
-9.551461,-6.442682,0.026327,-0.000000,-1.000000
-38.672895,-21.855478,5.635629,0.000000,1.000000
-15.108101,-22.265239,2.608925,-0.000000,1.000000
-23.537471,-69.697153,-0.000001,-0.000000,-1.000000
-17.116928,-78.533501,17.507391,0.000000,-1.000000
-11.750783,-5.481564,0.026763,-0.000000,-1.000000
-35.642204,-25.503789,8.787448,0.000000,1.000000
-15.606506,0.306706,1.674205,-0.002650,-1.000000
-36.246965,-23.756677,5.675710,0.000000,1.000000
-32.611113,-20.788592,0.300394,-0.000000,-1.000000
-14.977077,-30.561821,3.486736,-0.000000,1.000000
-38.951514,-18.898787,9.015215,0.000000,1.000000
-10.939038,-4.604708,6.496645,0.000000,-1.000000
-4.824355,-25.194583,-0.000000,-0.000000,-1.000000
-15.108096,-29.013732,4.927133,0.000000,1.000000
-12.337224,-45.950766,0.152399,-0.000000,-1.000000
-9.501683,-56.046720,0.152399,-0.000000,-1.000000
-13.902130,-39.604251,8.733432,0.000000,1.000000
-49.315194,4.304337,0.179164,-0.000000,-1.000000
-4.572078,-12.729951,6.586352,0.000000,-1.000000
6.108592,-27.257751,4.073958,0.000000,-1.000000
-6.616358,-21.748119,-0.000000,-0.000000,-1.000000
-25.880319,1.380593,0.108031,-0.705528,-1.000000
-45.210838,-17.443022,4.259426,0.000000,1.000000
-14.593373,-35.542864,0.152400,-0.000000,-1.000000
-15.108089,-36.011587,5.607264,0.000000,1.000000
-12.732753,-7.186022,7.127836,0.000000,1.000000
2.285371,-12.590155,2.576981,0.000000,1.000000
-33.022761,-22.813794,2.824052,-0.000000,-1.000000
-83.964339,-30.270666,10.009875,0.000000,1.000000
-67.912723,-17.985671,0.232232,-0.000000,-1.000000
-41.177295,-18.120971,13.489230,0.000000,1.000000
-32.854600,-21.881909,2.085049,-0.000000,-1.000000
-40.008117,-17.915420,1.689729,-0.000000,1.000000
-20.905359,-18.638325,3.885761,-0.000000,1.000000
-15.108088,-41.147854,4.710097,0.000000,1.000000
-6.951393,-27.198863,0.000000,-0.000000,-1.000000
0.984671,-31.029182,0.001029,-0.000000,-1.000000
-2.451874,-12.632510,1.090987,0.331960,0.000000
-50.224143,-7.195850,1.140751,-0.000000,-1.000000
-10.783286,-10.103552,3.233518,-0.000000,1.000000
-37.203700,0.676047,0.585240,-1.536275,-1.000000
-23.175619,-18.653564,3.320071,-0.000000,1.000000
-17.162209,-18.743631,3.872878,-0.000000,1.000000
-26.489746,-18.743531,3.219050,-0.000000,1.000000
-11.084938,-87.364582,0.308705,-0.000000,1.000000
-15.076056,-33.523928,2.126589,-0.000000,1.000000
6.295417,-68.389016,0.673805,0.000000,-1.000000
-37.339846,-21.882364,0.378892,-0.000000,1.000000
-38.383135,-21.882397,3.575095,-0.000000,1.000000
-25.429949,-18.743504,3.803752,-0.000000,1.000000
-21.770217,-18.744387,6.150071,0.000000,1.000000
-19.548740,-18.743136,4.302760,0.000000,1.000000
9.220498,-101.413982,1.156112,0.000000,1.000000
-69.762321,-16.532918,11.979476,0.000000,1.000000
-22.466841,-18.742789,4.907920,0.000000,1.000000
-37.515500,-21.882373,3.020055,-0.000000,1.000000
-11.921707,-37.996027,0.152399,-0.000000,-1.000000
-37.870256,-7.623642,0.179164,-0.000000,1.000000
-15.108082,-19.865188,2.640814,-0.000000,1.000000
-17.169744,1.380242,0.584567,-0.003549,-1.000000
-22.640162,-18.742850,4.057073,-0.000000,1.000000
-25.799521,-18.743514,11.932200,0.000000,1.000000
-20.995528,-17.380281,0.145970,-0.000000,-1.000000
-4.163512,-33.411617,-0.000000,-0.000000,-1.000000
-15.358978,0.287757,1.604653,-0.002760,-1.000000
-40.366891,-23.568618,12.056060,0.000000,1.000000
-13.752587,-14.650029,7.102625,0.000000,1.000000
-14.313536,-56.752086,1.080074,-0.000000,-1.000000
-12.744608,-10.484879,7.099627,0.000000,1.000000
-107.674387,1.833750,4.443058,0.000000,-1.000000
-16.478401,-18.743603,9.687441,0.000000,1.000000
6.538222,-135.560913,4.139738,0.000000,-1.000000
7.852068,-64.972923,4.284827,0.000000,-1.000000
0.777215,-12.658966,5.851522,0.000000,1.000000
-24.068251,-18.743506,7.706275,0.000000,1.000000
-15.108089,-30.386534,0.705143,-0.000000,1.000000
-23.173864,-18.742823,5.225450,0.000000,1.000000
-18.770250,-18.743072,4.709971,0.000000,1.000000
-26.522027,-18.621238,1.106531,-0.000000,-1.000000
-24.672767,-11.614191,0.145970,-0.000000,-1.000000
-17.228756,-18.743615,3.800478,-0.000000,1.000000
5.513278,-24.859754,3.888543,0.000000,-1.000000
-19.833438,-18.743183,5.897697,0.000000,1.000000
-10.880203,-9.987644,4.857003,0.000000,1.000000
-25.343871,-18.638021,7.007754,0.000000,1.000000
-46.911928,-17.439587,9.442348,0.000000,1.000000
0.886580,-32.619918,0.000335,-0.000000,-1.000000
-20.554536,-18.743254,4.090953,-0.000000,1.000000
-25.301445,-3.319181,0.965424,-0.002375,0.000000
-15.108086,-31.884914,2.552068,-0.000000,1.000000
-0.073816,-40.322882,-0.000000,-0.000000,-1.000000
-15.097145,-2.672281,1.131767,2.581783,0.000000
-60.466401,13.116388,0.493799,0.000000,-1.000000
-1.587354,-24.443059,0.000000,-0.000000,-1.000000
-36.122477,-11.504933,0.258662,-0.000000,-1.000000
-15.108084,-21.577773,6.154622,0.000000,1.000000
-18.273702,-80.412998,18.824393,0.000000,-1.000000
-46.060250,-17.352653,10.963636,0.000000,1.000000
-67.912728,-16.689382,7.499791,0.000000,1.000000
-13.968897,-21.853794,8.814707,0.000000,1.000000
-1.463257,-32.175884,-0.000000,-0.000000,-1.000000
-23.276234,-18.637978,4.458213,0.000000,1.000000
-67.483462,-19.868401,9.489814,0.000000,1.000000
-40.008135,-18.742092,5.711632,0.000000,1.000000
-26.217464,-10.867648,0.177163,-0.000000,-1.000000
-15.108100,-41.342099,7.186134,0.000000,1.000000
-0.897467,-20.137935,0.000000,-0.000000,-1.000000
-15.108081,-19.766417,1.386305,-0.000000,-1.000000
-67.912735,-20.578725,4.341207,0.000000,1.000000
-67.730934,-20.981220,8.497983,0.000000,1.000000
-14.962084,-36.561821,8.345080,0.000000,1.000000
-71.049399,9.701224,0.179894,0.000000,-1.000000
-45.542116,-17.370849,3.333523,-0.000000,1.000000
-40.008130,-18.017714,3.956284,-0.000000,1.000000
-40.008125,-17.826955,3.552101,-0.000000,1.000000
-18.498508,-18.638172,4.117122,0.000000,1.000000
-32.814307,1.194449,0.026764,-0.000000,-1.000000
-14.939900,-18.741165,1.393558,-0.000000,-1.000000
-12.082490,6.743498,3.581519,0.000000,1.000000
-15.897383,-38.088484,12.475341,0.000000,1.000000
-26.522002,-18.717556,4.048761,-0.000000,1.000000
-40.008126,-21.619266,1.352488,-0.000000,1.000000
-15.108099,-22.522515,0.350270,-0.000000,1.000000
-24.398700,-18.743477,4.112392,0.000000,1.000000
-45.538222,5.650158,0.179192,0.000000,-1.000000
-10.794438,-10.063350,4.322436,0.000000,1.000000
-22.329095,-18.742593,4.098239,-0.000000,1.000000
-107.102462,9.969575,3.250436,0.000000,-1.000000
12.006251,-64.793395,6.307638,0.000000,-1.000000
-15.190639,-18.556461,3.675446,-0.000000,1.000000
2.215882,-12.620878,3.621407,0.000000,1.000000
-31.354276,5.666261,0.178351,0.000000,-1.000000
-15.108097,-30.235770,1.827940,-0.000000,1.000000
-15.108089,-19.962943,4.207048,0.000000,1.000000
-14.939882,-18.813977,4.453129,0.000000,1.000000
-15.622622,-18.001529,11.434867,0.000000,1.000000
-15.108089,-33.363149,4.104733,0.000000,1.000000
2.174555,-12.659842,4.849065,0.000000,1.000000
-12.554733,-14.038169,0.221867,-0.000000,-1.000000
-25.427867,-18.743514,3.934609,-0.000000,1.000000
-29.803736,-12.674186,0.282087,-0.000000,-1.000000
-40.433775,-8.422401,0.285070,-0.000000,-1.000000
-5.091909,-13.471313,0.000001,-0.000000,-1.000000
-18.953312,-18.652733,11.272428,0.000000,1.000000
-13.264564,-20.034030,6.727600,0.000000,1.000000
5.953885,-41.679964,0.613150,0.000000,-1.000000
-15.108097,-24.190571,3.857293,-0.000000,1.000000
-15.104472,-33.045753,2.543660,-0.000000,1.000000
-38.192661,-13.227543,0.322549,-0.000000,-1.000000
-21.489991,-18.743288,3.785164,-0.000000,1.000000
-15.193921,-18.556452,5.054336,0.000000,1.000000
-26.103947,-18.743520,9.211302,0.000000,1.000000
-22.773761,-18.742761,4.585061,0.000000,1.000000
-17.436559,-18.743614,0.565872,-0.000000,1.000000
-37.163426,-26.530874,9.839852,0.000000,1.000000
-24.807016,2.380660,0.026765,-0.000000,-1.000000
-20.512030,-18.743138,1.586297,-0.000000,1.000000
-15.108100,-29.742787,4.387417,0.000000,1.000000
-15.108091,-20.719228,5.515723,0.000000,1.000000
-21.007389,-18.638317,4.332658,0.000000,1.000000
-15.117488,-19.280092,10.510574,0.000000,1.000000
-42.193043,-23.370226,14.278872,0.000000,1.000000
-15.585788,-25.500272,11.690366,0.000000,1.000000
-29.773955,-10.852593,0.282639,-0.000000,-1.000000
-15.108095,-35.076870,6.647845,0.000000,1.000000
-17.071438,-18.743617,5.163653,0.000000,1.000000
-0.897194,-33.994794,1.136345,3.162413,0.000000
-15.108082,-25.434860,8.558304,0.000000,1.000000
-3.833104,-36.331568,0.000000,-0.000000,-1.000000
6.197192,-25.280451,4.762103,0.000000,-1.000000
-19.098610,-18.743109,3.918599,-0.000000,1.000000
-39.498821,-18.270434,9.681304,0.000000,-1.000000
-42.350541,-26.234288,14.401305,0.000000,-1.000000
-106.747843,22.466054,1.011032,0.000000,-1.000000
-0.111816,-32.711438,0.000000,-0.000000,-1.000000
-25.494099,0.241566,0.889800,-0.703125,-1.000000
-15.108092,-35.934597,2.401982,-0.000000,1.000000
-28.483578,-2.215659,0.891842,-0.002211,0.000000
-15.637702,-65.591405,-0.000000,-0.000000,-1.000000
-10.838635,-10.011981,3.378109,-0.000000,1.000000
-44.487946,-17.443023,4.140465,0.000000,1.000000
-15.108085,-25.722870,6.692469,0.000000,1.000000
-35.525247,5.281178,0.179164,0.000000,-1.000000
-14.757496,-31.334105,9.774473,0.000000,1.000000
-11.871706,-2.587822,1.305004,2.466926,0.000000
-15.108084,-41.954007,2.366441,-0.000000,1.000000
-40.008124,-18.411633,4.529844,0.000000,1.000000
-36.995662,-21.882383,7.558411,0.000000,1.000000
-49.543546,-17.443575,3.801274,-0.000000,1.000000
-16.642451,-18.743618,2.274318,-0.000000,1.000000
-44.103018,-9.252363,0.171443,-0.000000,-1.000000
-10.834138,-10.016400,3.168482,-0.000000,1.000000
-63.683944,-45.660008,22.267104,0.000000,-1.000000
-14.025294,-39.181653,8.479221,0.000000,1.000000
-26.243468,-18.743553,1.561513,-0.000000,1.000000
-15.108089,-25.776637,8.774660,0.000000,1.000000
-7.244543,-8.475081,0.004417,-0.000000,-1.000000
-24.259401,-18.743484,3.973462,-0.000000,1.000000
-74.378758,-12.208717,2.138704,-0.000000,1.000000
-14.035561,-9.867075,0.255443,-0.000000,-1.000000
-10.639744,-12.790369,0.163895,-0.000000,-1.000000
-15.437487,-18.743597,0.469620,-0.000000,-1.000000
-12.524378,-20.950089,0.222827,-0.000000,-1.000000
-14.939910,-18.886232,4.609974,0.000000,1.000000
-0.159944,-40.942014,0.000000,-0.000000,-1.000000
-25.329533,1.438028,0.026763,-0.000000,-1.000000
5.646444,-42.738523,0.563318,0.000000,-1.000000
-40.008129,-21.626519,1.206680,-0.000000,1.000000
-42.124681,-17.443557,4.002523,-0.000000,1.000000
-73.224601,7.573966,0.179498,0.000000,-1.000000
-12.323026,-4.607359,0.026764,-0.000000,-1.000000
-21.357070,-18.743272,4.231099,0.000000,1.000000
9.605135,-63.678625,9.050575,0.000000,-1.000000
-15.108103,-27.673348,7.227729,0.000000,1.000000
-15.108090,-36.358497,4.715613,0.000000,1.000000
-11.385560,-4.154310,0.026764,-0.000000,0.000000
-1.702690,-23.307125,-0.000000,-0.000000,-1.000000
-23.885119,-18.743428,1.267163,-0.000000,-1.000000
6.194102,-25.064088,3.754425,0.000000,-1.000000
-67.912734,-15.234668,9.791554,0.000000,1.000000
10.875518,-57.461439,1.417104,0.000000,-1.000000
-14.939893,-18.850411,8.600431,0.000000,1.000000
-1.650955,-22.005739,0.000000,-0.000000,-1.000000
-23.163902,-18.637950,3.707960,-0.000000,1.000000
-106.881031,23.612523,3.527442,0.000000,1.000000
-37.078175,2.166634,0.026764,-0.000000,-1.000000
-48.778596,-17.443568,12.143947,0.000000,1.000000
-35.709827,-23.132695,8.834241,0.000000,1.000000
-1.642860,-12.576560,1.008067,0.334588,0.000000
-19.019228,-18.743092,3.195770,-0.000000,1.000000
-18.574120,-18.638166,3.421414,-0.000000,1.000000
-13.759804,-8.891534,0.220660,-0.000000,-1.000000
-11.452003,-29.711817,0.159634,-0.000000,-1.000000
-21.225050,-18.743428,4.035816,-0.000000,1.000000
-15.108080,-21.622570,0.531649,-0.000000,1.000000
-35.705165,-21.534040,8.569556,0.000000,1.000000
-16.718350,-18.743606,8.398200,0.000000,1.000000
-40.008129,-18.358330,5.174682,0.000000,1.000000
-25.235176,-2.869269,0.646495,-0.002630,0.000000
-19.551996,-18.743107,6.306847,0.000000,1.000000
-26.965905,-7.890225,0.148436,-0.000000,-1.000000
-26.130767,-18.743548,3.449708,-0.000000,1.000000
-23.381893,2.626767,0.026765,-0.000000,-1.000000
-83.402107,5.258428,0.179163,0.000000,-1.000000
-11.976284,-64.812811,-0.000000,-0.000000,-1.000000
-43.253319,-17.443568,5.645739,0.000000,1.000000
-20.970940,-18.638319,4.668430,0.000000,1.000000
-12.299197,-14.419110,0.214289,-0.000000,-1.000000
10.340901,-64.761844,8.865239,0.000000,-1.000000
-15.108096,-24.392855,3.139011,-0.000000,1.000000
-21.572533,-18.743771,4.041016,-0.000000,1.000000
-15.108095,-35.191169,8.327448,0.000000,1.000000
-39.144682,-4.614632,0.026764,-0.000000,-1.000000
11.041120,-63.498056,8.105136,0.000000,-1.000000
-15.447297,-33.796395,11.341439,0.000000,1.000000
-14.119417,-5.711148,0.029372,-0.000000,-1.000000
-33.031069,-21.695217,2.170789,-0.000000,-1.000000
-10.790200,-10.078603,7.229090,0.000000,1.000000
-4.535729,-15.658950,-0.000000,-0.000000,-1.000000
-67.912725,-20.160490,4.058984,-0.000000,1.000000
-25.365055,-0.032151,0.514464,-0.700712,-1.000000
-39.669446,-17.238095,9.888974,0.000000,1.000000
-15.108097,-21.809220,3.692283,-0.000000,1.000000
-15.108082,-19.839714,5.405107,0.000000,1.000000
-5.678881,-11.435522,0.000000,-0.000000,-1.000000
-13.894173,-31.151223,8.589941,0.000000,1.000000
-4.688178,-21.434407,-0.000001,-0.000000,-1.000000
-36.202080,-24.509853,6.681201,0.000000,1.000000
-19.331356,-15.067605,0.145969,-0.000000,-1.000000
-13.780196,-10.534297,7.091983,0.000000,1.000000
-59.805362,12.490414,0.180415,0.000000,-1.000000
-18.564399,-18.743633,8.284034,0.000000,1.000000
-20.749213,-18.638340,4.246293,0.000000,1.000000
-15.108094,-22.806923,5.858725,0.000000,1.000000
-44.896308,-29.584069,16.218453,0.000000,-1.000000
-22.452022,-18.742826,4.187412,0.000000,1.000000
-22.131376,-18.742249,4.295322,0.000000,1.000000
-29.727975,-15.325616,0.282646,-0.000000,-1.000000
-48.382685,10.279831,0.179999,0.000000,-1.000000
-15.108096,-40.934494,7.011195,0.000000,1.000000
-15.556525,-80.423751,19.360943,0.000000,-1.000000
-15.108094,-42.019570,3.745952,-0.000000,1.000000
-16.970741,-18.743634,5.672819,0.000000,1.000000
-18.697960,-18.743069,4.297157,0.000000,1.000000
-49.873024,-17.443563,8.013246,0.000000,1.000000
-15.108080,-41.299512,5.565517,0.000000,1.000000
-77.042857,6.680976,0.179329,0.000000,-1.000000
-10.582866,-7.235802,0.179164,-0.000000,-1.000000
-46.861394,-17.439592,9.155573,0.000000,1.000000
-17.049757,-18.743623,4.937985,0.000000,1.000000
-18.034547,-15.609496,0.145969,-0.000000,-1.000000
-32.709481,-22.399756,3.422934,-0.000000,1.000000
-84.440011,-30.271896,5.572769,0.000000,1.000000
-13.833968,-2.258091,0.674164,2.549115,0.000000
-19.160321,-15.256307,0.145970,-0.000000,-1.000000
-23.554339,-18.743497,5.820003,0.000000,1.000000
-38.457237,3.138412,0.032791,-0.000000,-1.000000
-26.208562,-18.743523,3.675980,-0.000000,1.000000
-14.970693,-27.159314,0.590877,-0.000000,1.000000
-31.438419,1.782330,0.026764,-0.000000,-1.000000
-13.890472,-18.140105,8.593070,0.000000,1.000000
7.976129,-85.168981,0.950516,0.000000,-1.000000
-19.313274,-18.743104,0.659482,-0.000000,1.000000
-9.624554,-9.530126,0.157324,-0.000000,-1.000000
-26.217666,-12.144989,0.248171,-0.000000,-1.000000
-77.869049,-10.932903,1.502428,-0.000000,1.000000
-23.869078,-18.743530,1.799871,-0.000000,1.000000
-40.915973,-15.728219,0.325309,-0.000000,-1.000000
-43.356212,-5.451529,0.097932,-0.000000,-1.000000
-45.522886,-11.504515,0.172909,-0.000000,-1.000000
-30.554655,2.371710,0.026764,-0.000000,-1.000000
-112.183130,-3.376992,4.436428,0.000000,-1.000000
-34.732210,-21.882369,3.834166,-0.000000,1.000000
-21.544309,-18.743595,4.060381,-0.000000,1.000000
-15.108093,-22.722339,7.115378,0.000000,1.000000
-40.008122,-17.853085,5.432443,0.000000,1.000000
-15.108097,-24.492452,3.460903,-0.000000,1.000000
-22.795514,-18.742797,5.783010,0.000000,1.000000
-40.008132,-20.871375,4.269259,0.000000,1.000000
-16.306875,1.315332,0.910776,-0.003374,-1.000000
-8.140758,-17.658528,0.152400,-0.000000,-1.000000
-64.002247,-13.036935,0.244593,-0.000000,-1.000000
-21.442559,-18.743303,4.040215,-0.000000,1.000000
-77.901147,-9.516873,3.441627,-0.000000,1.000000
-34.558034,6.678719,0.179063,0.000000,-1.000000
-15.108094,-36.114567,6.313386,0.000000,1.000000
-10.042981,-31.682043,0.152400,-0.000000,-1.000000
-9.868046,-16.765039,0.152400,-0.000000,-1.000000
-31.495973,-7.376582,0.179165,-0.000000,-1.000000
-30.311440,1.589996,0.026765,-0.000000,-1.000000
-22.927417,-18.742788,4.809986,0.000000,1.000000
-26.615303,-18.561739,9.223987,0.000000,1.000000
-21.984181,-18.741770,4.077204,-0.000000,1.000000
-37.384659,-21.762184,0.531661,-0.000000,1.000000
-15.108088,-21.715175,4.987121,0.000000,1.000000
-16.439164,-48.397216,0.152399,-0.000000,-1.000000
-21.837945,-18.741913,11.178296,0.000000,1.000000
-36.246935,-22.859436,7.768272,0.000000,1.000000
-33.022788,-23.140748,3.312115,-0.000000,-1.000000
-67.912730,-15.927750,0.496828,-0.000000,-1.000000
-14.939905,-18.900293,3.903635,-0.000000,1.000000
-14.685087,-76.838607,3.514005,-0.000000,1.000000
-23.720283,-18.743486,1.237706,-0.000000,-1.000000
-67.912724,-15.849190,0.485299,-0.000000,-1.000000
-14.939902,-24.875590,2.049171,-0.000000,1.000000
-0.149604,-53.946927,-0.000001,-0.000000,-1.000000
-36.246959,-25.706790,7.721388,0.000000,1.000000
-42.571662,-28.331889,14.573177,0.000000,-1.000000
-24.937247,-18.743502,4.209794,0.000000,1.000000
-20.732517,-18.743234,5.084535,0.000000,1.000000
-12.117131,6.856159,3.785901,0.000000,1.000000
-64.022768,-45.515365,25.091410,0.000000,-1.000000
-35.970550,-23.153922,4.911787,0.000000,1.000000
-17.280031,-18.743615,0.690688,-0.000000,1.000000
0.583767,-80.095883,0.000001,-0.000000,-1.000000
-36.934394,-21.882390,4.208635,0.000000,1.000000
-26.741162,4.025311,0.179164,-0.000000,-1.000000
-12.801226,-24.792262,0.186037,-0.000000,-1.000000
-22.340537,-18.742587,2.468493,-0.000000,1.000000
5.671661,-26.361342,4.329035,0.000000,-1.000000
-14.970687,-25.923214,0.463860,-0.000000,-1.000000
-107.303644,-4.081486,3.871158,-0.000000,-1.000000
-60.244521,12.904905,1.450693,0.000000,-1.000000
-20.364182,-18.638237,3.607226,-0.000000,1.000000
-15.108085,-31.999706,8.433849,0.000000,1.000000
-2.306911,-34.003874,1.553774,3.156291,0.000000
-40.008140,-20.927746,5.809581,0.000000,1.000000
-24.743840,-14.214576,0.145969,-0.000000,-1.000000
-15.370949,-77.187992,5.643722,0.000000,1.000000
-22.558506,-18.742760,2.727042,-0.000000,1.000000
-107.683616,18.541072,2.777813,0.000000,-1.000000
-18.751869,-18.743106,4.129621,0.000000,1.000000
-10.810108,-9.964115,5.505453,0.000000,1.000000
-13.981240,-8.543675,0.190015,-0.000000,-1.000000
-84.583548,-30.272305,7.378288,0.000000,1.000000
-4.457648,-14.595675,-0.000000,-0.000000,-1.000000
-17.501905,-18.743621,3.110788,-0.000000,1.000000
-41.092595,-17.064706,13.318960,0.000000,1.000000
-21.663166,-18.743854,4.016969,-0.000000,1.000000
-15.328702,1.092456,1.294064,-0.003133,-1.000000
-28.566487,-5.057593,0.026763,-0.000000,-1.000000
-15.076050,-33.721559,1.726333,-0.000000,1.000000
9.330464,-135.649985,8.769646,0.000000,-1.000000
-23.948805,-18.743481,4.077813,-0.000000,1.000000
-30.883875,-16.541397,0.279796,-0.000000,-1.000000
6.019627,-76.110985,0.630389,0.000000,-1.000000
-79.494962,-11.509009,4.577694,0.000000,1.000000
-10.791766,-10.198259,4.812076,0.000000,1.000000
-39.682710,-21.882396,0.796094,-0.000000,1.000000
-9.125003,-34.053184,0.152401,-0.000000,-1.000000
-18.864718,-18.638191,3.481329,-0.000000,1.000000
-9.123039,-15.091665,0.152400,-0.000000,-1.000000
-14.201431,-34.342197,0.154829,-0.000000,-1.000000
-107.317555,19.209188,2.109504,0.000000,-1.000000
-39.678557,-21.882383,6.286915,0.000000,1.000000
-15.108090,-28.729335,1.913668,-0.000000,1.000000
-20.746574,-18.711106,3.884456,-0.000000,1.000000
11.864876,-91.892199,4.185293,0.000000,1.000000
-40.008124,-19.219013,4.513312,0.000000,1.000000
6.316528,-25.364250,3.881859,0.000000,-1.000000
-87.290354,8.468295,0.179653,0.000000,-1.000000
1.862533,-32.001344,0.009696,0.000000,-1.000000
-20.906841,-18.638457,1.205673,-0.000000,1.000000
-24.528648,-18.743527,0.948639,-0.000000,-1.000000
-0.617912,-27.866202,-0.000000,-0.000000,-1.000000
-19.094953,-18.743095,5.996632,0.000000,1.000000
-67.912733,-16.009849,10.701776,0.000000,1.000000
-82.347828,-9.110111,1.744898,-0.000000,1.000000
-15.291978,-0.621459,1.145522,-0.003221,-1.000000
-21.669695,-18.743618,4.120936,0.000000,1.000000
-15.053189,-18.556461,2.450482,-0.000000,1.000000
-106.401270,-8.148895,1.438754,-0.000000,-1.000000
-14.075702,-0.020148,1.092839,-0.003539,-1.000000
-18.975446,-18.743102,4.333445,0.000000,1.000000
-14.987707,-26.814898,2.972200,-0.000000,1.000000
-40.008124,-18.168208,6.163948,0.000000,1.000000
-15.108087,-23.616537,6.675871,0.000000,1.000000
-71.573055,-12.366625,3.050218,-0.000000,1.000000
-24.584153,-18.743467,2.004920,-0.000000,-1.000000
-15.108087,-32.221505,3.153606,-0.000000,1.000000
-24.343729,0.381028,0.026764,-0.000000,-1.000000
0.295032,-60.944190,-0.000000,-0.000000,-1.000000
-22.917825,-18.742858,4.696824,0.000000,1.000000
-41.212842,-27.513244,13.516826,0.000000,1.000000
-37.579159,-21.882367,4.985302,0.000000,1.000000
-15.831754,-18.743604,4.188052,0.000000,1.000000
-25.831615,-18.743550,4.778039,0.000000,1.000000
-12.733234,-12.807921,7.107307,0.000000,1.000000
-40.008130,-18.305089,4.904782,0.000000,1.000000
-15.108096,-29.137410,2.327544,-0.000000,1.000000
-15.108092,-28.230581,3.223340,-0.000000,1.000000
-20.902260,-18.638334,3.795824,-0.000000,1.000000
-50.436799,-16.925070,0.287858,-0.000000,1.000000
-38.775470,-19.258606,8.800946,0.000000,-1.000000
-20.782051,-67.763890,-0.000001,-0.000000,-1.000000
-15.108082,-28.533512,3.669592,-0.000000,1.000000
-36.282352,2.513180,0.026764,-0.000000,-1.000000
-20.718963,-18.743140,2.278375,-0.000000,1.000000
-20.341050,-16.629447,0.145970,-0.000000,-1.000000
-16.643314,1.036680,1.429836,-0.002780,-1.000000
-25.367520,-16.547742,0.145969,-0.000000,-1.000000
-22.774139,-18.742816,3.969716,-0.000000,1.000000
-0.948333,-61.910063,0.000001,-0.000000,-1.000000
-24.313013,-18.743555,5.104449,0.000000,1.000000
-11.032977,-84.075879,2.212232,-0.000000,1.000000
-15.731810,-22.794501,12.058199,0.000000,1.000000
-107.207320,7.789806,2.743026,0.000000,-1.000000
-22.593753,-18.742655,1.892437,-0.000000,-1.000000
-18.447205,-18.638172,1.528004,-0.000000,1.000000
-8.529954,-7.206466,0.018348,-0.000000,-1.000000
-9.897693,-11.088413,0.152400,-0.000000,-1.000000
-40.008124,-20.203451,3.942310,-0.000000,1.000000
-2.608344,-35.687380,1.863901,3.158633,0.000000
-15.108102,-25.716661,2.730382,-0.000000,1.000000
-67.912732,-20.316368,0.304656,-0.000000,1.000000
-44.945647,-22.157474,17.260799,0.000000,-1.000000
-5.449486,-28.697079,0.000001,-0.000000,-1.000000
-22.488588,-18.742711,4.149334,0.000000,1.000000
-40.302589,-21.701858,11.328703,0.000000,1.000000
6.073398,-29.812405,3.724666,0.000000,-1.000000
-67.912734,-14.398934,0.215945,-0.000000,-1.000000
-38.031720,-21.882372,3.585416,-0.000000,1.000000
-12.765013,-22.300120,0.211886,-0.000000,-1.000000
-0.244804,-29.226294,0.000000,-0.000000,-1.000000
-19.756857,-18.743114,4.423326,0.000000,1.000000
-23.975777,-18.743405,6.792294,0.000000,1.000000
-6.054430,-25.826870,0.000000,-0.000000,-1.000000
-24.869169,-18.743483,0.976836,-0.000000,-1.000000
-25.859729,1.213286,1.002120,-0.707516,-1.000000
-16.589916,-11.524733,0.298369,-0.000000,-1.000000
-63.143483,-35.374570,22.072480,0.000000,-1.000000
-39.839927,-17.489602,2.226687,-0.000000,1.000000
-11.636076,-2.425622,0.775874,2.446115,0.000000
-30.425280,1.590701,0.026764,-0.000000,-1.000000
-1.771083,-28.346540,-0.000000,-0.000000,-1.000000
-33.386705,-21.644902,0.298520,-0.000000,-1.000000
-23.216642,-18.698298,2.759046,-0.000000,1.000000
-50.422696,-15.318850,0.236025,-0.000000,-1.000000
-23.919678,-18.743500,6.375637,0.000000,1.000000
-21.885148,-18.751284,2.718105,-0.000000,1.000000
2.579960,-42.118038,5.086033,0.000000,-1.000000
-55.489687,-16.708737,0.304811,-0.000000,-1.000000
1.332724,-61.469727,0.680289,-0.000000,-1.000000
-54.880655,-16.505255,0.306221,-0.000000,-1.000000
-15.108098,-30.223020,6.664888,0.000000,1.000000
-109.228008,19.256032,3.427400,0.000000,-1.000000
-36.246944,-21.979124,5.058915,0.000000,1.000000
-15.108095,-26.334215,6.304434,0.000000,1.000000
-108.279342,19.667189,2.078135,0.000000,-1.000000
-23.164741,-18.742831,6.083243,0.000000,1.000000
-29.647229,-15.252849,0.283579,-0.000000,-1.000000
-17.348401,-18.743626,5.731525,0.000000,1.000000
-22.056036,-18.741900,4.064350,-0.000000,1.000000
-15.108085,-21.161514,6.951090,0.000000,1.000000
-36.125102,-21.847353,2.675209,-0.000000,1.000000
-15.308885,-2.236833,0.089525,2.577643,0.000000
-15.108085,-31.939915,1.757896,-0.000000,1.000000
-12.436759,-48.109273,0.152399,-0.000000,-1.000000
-68.815281,-44.586730,24.520655,0.000000,-1.000000
-15.076064,-33.493596,2.392427,-0.000000,1.000000
-67.912743,-15.006841,10.177868,0.000000,1.000000
-16.348922,-18.743595,7.574573,0.000000,1.000000
-19.780054,-18.743152,1.207751,-0.000000,1.000000
-77.913364,-12.379130,7.549834,0.000000,1.000000
-77.707145,-9.049408,0.307904,-0.000000,-1.000000
-15.108091,-25.563575,3.131916,-0.000000,1.000000
-25.289177,-2.702396,0.894147,-0.002444,0.000000
-24.190193,-18.743505,3.926344,-0.000000,1.000000
-15.108090,-28.595397,7.125535,0.000000,1.000000
-44.654250,-17.443031,3.883034,-0.000000,1.000000
-15.108078,-29.069404,5.958749,0.000000,1.000000
-14.049312,-28.530839,8.912569,0.000000,1.000000
-9.474019,-37.775358,0.152400,-0.000000,-1.000000
-46.188767,-17.338114,7.210833,0.000000,1.000000
-19.679054,-18.743686,7.962298,0.000000,1.000000
-42.196986,-17.443573,5.621312,0.000000,1.000000
-15.108097,-35.918078,5.000911,0.000000,1.000000
-10.859866,-9.992920,4.340713,0.000000,1.000000
-14.169856,-17.372793,0.271509,-0.000000,-1.000000
-21.207803,-18.638650,3.703171,-0.000000,1.000000
-62.813610,-3.587364,0.026763,-0.000000,-1.000000
-33.008012,-21.279313,3.512928,-0.000000,1.000000
-26.522053,-18.621598,3.210792,-0.000000,1.000000
-30.277174,-99.702255,1.068138,-0.000000,-1.000000
-60.578667,12.003519,0.333907,0.000000,-1.000000
1.309300,-21.247493,0.616936,-0.000000,-1.000000
-15.108094,-24.204148,4.278435,0.000000,1.000000
-24.281819,-18.743468,4.445230,0.000000,1.000000
-20.700154,-18.743130,4.693980,0.000000,1.000000
-75.956079,-12.379124,4.104844,0.000000,1.000000
-46.551673,-28.528485,17.134343,0.000000,-1.000000
-15.106327,-37.735961,0.152399,-0.000000,-1.000000
-7.223321,-8.859954,0.002749,-0.000000,-1.000000
-67.912742,-14.186267,2.192576,-0.000000,1.000000
-36.246989,-25.429018,5.078209,0.000000,1.000000
-51.342569,-17.354736,10.591408,0.000000,1.000000
-56.207755,8.454550,0.179685,0.000000,-1.000000
-20.746497,-18.679637,4.077652,-0.000000,1.000000
-23.777379,-12.642661,0.145969,-0.000000,-1.000000
-23.526378,-18.743446,4.778600,0.000000,1.000000
-35.996890,-21.882385,4.352857,0.000000,1.000000
-10.967128,0.711006,6.609343,0.000000,-1.000000
-33.022792,-22.526927,1.943848,-0.000000,-1.000000
-15.650217,-18.743611,6.575623,0.000000,1.000000
-15.108097,-38.776766,4.062439,-0.000000,1.000000
-25.421201,3.178912,0.179164,-0.000000,-1.000000
-15.108103,-33.811544,8.259026,0.000000,1.000000
-15.108079,-19.691272,7.895387,0.000000,1.000000
-39.876171,-18.916573,10.254448,0.000000,-1.000000
-14.527379,-24.232555,9.494403,0.000000,1.000000
-48.184710,5.520056,0.179165,0.000000,-1.000000
-106.748551,22.995218,1.291317,0.000000,-1.000000
-83.434253,2.452868,0.026764,-0.000000,-1.000000
-16.152624,-26.686860,13.118381,0.000000,1.000000
-37.498138,-8.407648,1.513739,-0.000000,1.000000
-12.660216,-3.598005,0.026763,-0.000000,0.000000
-22.909495,-9.197285,0.128479,-0.000000,-1.000000
1.100749,-21.429163,0.702195,-0.000000,-1.000000
-24.631802,-18.743512,7.533603,0.000000,1.000000
-53.266454,11.087477,0.180158,0.000000,-1.000000
-3.239031,-31.018325,0.000000,-0.000000,-1.000000
-15.055643,-18.053430,10.354789,0.000000,1.000000
-24.220491,-18.743495,3.003737,-0.000000,1.000000
-14.893032,-19.490522,9.945127,0.000000,1.000000
